Rotation 0 deg zeroZ 4400
id x y z 
1 -578.188 41.628 4395.790
2 -578.188 11.628 4396.550
3 -578.188 -18.372 4396.140
4 -578.188 -48.372 4395.800
5 -551.207 142.128 4398.090
6 -552.207 116.628 4397.560
7 -559.207 84.628 4395.870
8 -552.207 56.628 4395.890
9 -552.207 26.628 4396.840
10 -552.207 -3.372 4396.510
11 -552.207 -33.372 4396.270
12 -552.207 -63.372 4397.090
14 -552.207 -123.372 4395.370
15 -552.207 -153.372 4395.290
16 -526.226 221.628 4400.460
17 -515.556 180.320 4404.730
18 -523.495 154.983 4399.590
19 -532.226 126.128 4397.560
20 -526.226 101.628 4396.320
21 -526.226 71.628 4396.040
22 -526.226 41.628 4396.610
23 -526.226 11.628 4397.060
24 -526.226 -18.372 4397.300
25 -526.226 -48.372 4397.160
26 -526.226 -78.372 4396.360
27 -526.226 -108.372 4395.490
28 -526.226 -138.372 4395.380
29 -526.226 -163.372 4395.260
30 -526.200 -198.430 4393.000
31 -526.170 -228.440 4393.060
32 -500.246 266.628 4401.030
33 -500.246 236.628 4401.350
34 -499.246 208.628 4400.270
35 -493.889 170.271 4403.910
36 -500.835 139.640 4399.650
38 -500.246 82.128 4397.270
39 -500.246 56.628 4397.240
40 -500.246 26.628 4397.710
41 -500.246 -3.372 4397.300
42 -500.246 -33.372 4397.600
43 -500.246 -63.372 4396.660
44 -500.246 -93.372 4396.070
45 -500.246 -123.372 4395.330
46 -500.246 -148.372 4395.220
47 -500.250 -183.390 4392.920
48 -500.280 -213.380 4392.920
49 -500.180 -243.380 4392.870
50 -500.250 -273.370 4392.800
51 -463.265 307.128 4403.240
52 -478.765 272.628 4401.370
53 -474.265 251.628 4399.520
54 -474.265 221.628 4402.220
55 -469.765 191.628 4400.190
56 -474.265 161.628 4399.680
57 -481.332 122.180 4397.130
60 -477.265 41.628 4400.090
61 -474.265 11.628 4399.170
62 -474.265 -18.372 4397.600
63 -474.265 -48.372 4396.930
64 -474.265 -78.372 4396.450
65 -474.265 -108.372 4395.500
66 -474.265 -138.372 4395.240
67 -474.270 -172.450 4393.540
68 -474.310 -198.420 4393.110
69 -474.200 -228.390 4393.000
70 -474.250 -258.390 4393.250
71 -474.250 -288.360 4393.010
72 -474.260 -318.490 4393.090
73 -444.284 356.628 4402.750
74 -444.284 328.628 4402.630
75 -448.284 298.628 4401.590
76 -448.284 266.628 4400.720
77 -448.284 239.628 4398.940
78 -443.784 206.628 4398.410
79 -445.284 180.628 4398.000
80 -449.284 146.628 4396.810
81 -441.284 121.628 4397.890
82 -451.111 97.530 4398.570
83 -461.942 64.822 4397.900
84 -441.774 29.356 4406.050
85 -448.284 -3.372 4399.350
86 -448.284 -33.372 4397.350
87 -448.284 -63.372 4396.630
88 -448.284 -93.372 4395.830
89 -448.284 -123.372 4395.590
90 -448.284 -143.372 4395.440
91 -448.260 -183.430 4393.440
92 -448.260 -213.430 4392.900
93 -448.320 -243.380 4393.020
94 -448.290 -273.420 4393.040
95 -448.250 -303.390 4393.090
96 -448.290 -333.370 4392.430
97 -424.303 360.628 4402.780
98 -418.303 335.628 4401.690
99 -415.303 315.628 4401.350
100 -419.303 286.128 4400.330
101 -417.803 251.628 4399.450
102 -422.303 220.628 4397.330
103 -418.303 191.628 4395.920
104 -422.303 161.628 4396.120
105 -422.303 131.628 4395.870
106 -422.303 101.628 4397.730
107 -422.303 71.628 4397.840
108 -422.303 41.628 4401.310
109 -419.969 10.508 4404.360
110 -425.303 -21.372 4398.860
111 -422.303 -48.372 4396.830
112 -422.303 -78.372 4396.960
113 -422.303 -108.372 4395.760
114 -422.303 -135.372 4395.550
115 -422.210 -173.370 4393.370
116 -422.250 -198.470 4393.160
117 -422.210 -228.390 4392.460
118 -422.260 -258.460 4392.500
119 -422.390 -288.430 4392.630
120 -422.320 -318.320 4392.500
121 -422.310 -348.370 4392.770
122 -422.310 -378.370 4392.260
124 -396.323 385.628 4404.550
125 -398.323 356.628 4401.870
126 -396.323 326.628 4401.430
127 -400.323 292.628 4399.790
128 -399.323 266.628 4399.640
129 -396.323 236.628 4397.390
130 -396.323 206.628 4395.510
131 -396.323 176.628 4395.830
132 -396.323 146.628 4395.800
133 -399.323 116.628 4396.240
134 -396.323 79.628 4395.600
135 -396.323 56.628 4395.710
136 -396.323 26.628 4399.320
137 -397.666 -5.931 4403.130
138 -396.323 -33.372 4399.270
139 -396.323 -63.372 4396.970
140 -396.323 -93.372 4396.390
141 -396.323 -123.372 4395.780
142 -396.290 -164.360 4393.260
143 -396.390 -183.580 4393.060
144 -396.270 -213.420 4392.840
145 -396.340 -243.410 4392.440
146 -396.310 -273.380 4392.620
147 -396.330 -303.390 4392.420
148 -396.330 -333.370 4392.340
149 -396.270 -363.420 4392.760
150 -396.330 -393.370 4392.630
153 -370.342 365.628 4402.170
154 -372.342 343.628 4401.100
155 -363.342 311.628 4398.120
156 -370.342 281.628 4399.240
157 -372.842 251.628 4397.250
158 -370.342 221.628 4395.580
159 -374.342 187.628 4395.730
160 -370.342 161.628 4393.370
161 -370.342 131.628 4393.880
162 -370.342 101.628 4393.350
163 -370.342 71.628 4393.300
164 -370.342 41.628 4395.510
165 -370.342 11.628 4396.280
166 -370.342 -18.372 4405.010
167 -370.342 -48.372 4400.310
168 -370.342 -78.372 4396.640
169 -370.342 -108.372 4395.990
170 -370.342 -133.372 4395.760
171 -370.190 -178.360 4393.450
172 -370.330 -198.370 4393.100
173 -370.310 -228.450 4393.340
174 -370.350 -258.350 4393.290
175 -370.340 -288.360 4392.310
176 -370.370 -318.380 4392.010
177 -370.370 -348.360 4392.300
178 -370.340 -378.370 4392.360
179 -370.340 -408.370 4392.110
180 -370.340 -438.370 4392.350
183 -351.361 382.128 4402.460
184 -344.361 356.628 4400.410
185 -348.361 326.628 4400.030
186 -344.361 296.628 4397.900
187 -342.361 266.628 4397.460
188 -342.361 239.628 4394.910
189 -344.361 211.628 4394.220
190 -354.361 176.628 4393.340
191 -338.240 146.300 4395.400
192 -348.361 114.628 4393.000
193 -344.361 86.628 4392.990
194 -350.361 51.128 4393.270
195 -349.361 26.628 4394.470
196 -347.361 1.628 4395.390
197 -342.361 -31.872 4401.740
198 -346.361 -67.372 4399.970
199 -349.361 -93.372 4398.140
200 -344.361 -123.372 4394.410
201 -346.361 -155.372 4391.490
202 -344.700 -183.770 4393.160
203 -344.280 -213.400 4393.850
204 -344.310 -243.300 4393.960
205 -344.370 -273.320 4395.600
206 -344.320 -303.410 4392.760
207 -344.250 -333.300 4392.070
208 -344.360 -363.410 4392.110
209 -344.360 -393.420 4392.210
210 -344.270 -423.490 4392.150
211 -344.310 -453.460 4391.970
214 -318.380 401.628 4402.920
215 -311.380 364.628 4400.360
216 -318.380 341.628 4399.910
217 -319.880 311.628 4399.360
218 -318.380 281.628 4397.560
219 -318.380 251.628 4394.780
220 -320.380 221.628 4394.310
221 -318.380 191.628 4393.380
222 -318.640 161.370 4395.500
223 -318.320 131.420 4395.090
224 -318.380 101.628 4392.950
225 -318.380 71.628 4393.170
226 -315.380 41.628 4392.900
227 -318.380 5.628 4394.790
228 -318.380 -18.372 4395.210
229 -318.380 -40.372 4400.340
230 -313.380 -83.372 4396.810
231 -318.380 -107.372 4399.230
233 -321.260 -168.420 4394.010
234 -318.350 -198.470 4394.400
235 -318.380 -228.370 4395.330
236 -318.310 -258.270 4395.940
237 -318.300 -288.350 4395.900
238 -318.360 -318.430 4392.460
239 -318.400 -348.400 4392.070
240 -318.420 -378.380 4391.790
241 -318.330 -408.480 4392.320
242 -318.460 -438.430 4392.710
243 -318.380 -468.420 4393.550
246 -296.400 408.628 4401.760
247 -286.400 394.628 4401.070
248 -292.400 356.628 4398.470
249 -292.400 326.628 4398.000
250 -292.400 296.628 4395.850
251 -292.400 266.628 4394.320
252 -291.400 236.628 4393.900
253 -292.400 206.628 4393.350
254 -292.290 176.420 4395.650
255 -292.310 146.530 4395.510
256 -288.260 125.420 4394.900
257 -292.400 86.628 4392.890
258 -292.400 56.628 4392.890
259 -292.400 26.628 4393.860
260 -292.400 -3.372 4394.850
261 -292.400 -33.372 4394.610
262 -292.400 -63.372 4394.500
263 -282.400 -96.370 4394.290
265 -287.360 -153.310 4393.550
266 -299.320 -191.300 4396.980
267 -292.400 -217.370 4397.990
268 -292.290 -243.260 4396.740
269 -292.350 -273.240 4395.530
270 -292.280 -303.370 4394.770
271 -292.320 -333.300 4392.520
272 -292.390 -363.410 4392.790
273 -292.370 -393.420 4392.830
274 -292.400 -423.390 4393.960
275 -292.400 -453.360 4395.290
276 -292.360 -483.320 4395.810
277 -258.419 489.628 4404.420
278 -264.419 461.628 4403.160
279 -268.419 431.628 4401.500
280 -258.419 401.628 4399.610
281 -274.419 371.628 4399.430
282 -266.419 341.628 4396.050
283 -266.419 311.628 4395.750
284 -266.419 281.628 4394.150
285 -270.419 251.628 4393.400
286 -276.419 221.628 4393.310
287 -266.880 182.000 4395.060
288 -266.290 161.370 4394.970
289 -266.750 131.900 4395.600
290 -258.350 101.680 4395.480
291 -258.550 71.640 4394.900
292 -256.400 41.670 4394.970
293 -271.623 9.212 4394.600
294 -266.419 -18.372 4394.840
295 -270.919 -48.372 4393.970
296 -256.440 -73.860 4394.390
297 -266.420 -108.370 4393.720
298 -266.350 -138.360 4394.060
299 -266.380 -168.330 4397.480
300 -266.440 -201.410 4403.380
301 -266.420 -228.370 4399.410
302 -266.420 -258.370 4396.880
303 -266.330 -288.330 4396.540
304 -266.330 -318.350 4396.020
305 -266.300 -348.350 4395.220
306 -266.440 -378.360 4394.420
307 -266.390 -408.400 4395.680
308 -266.390 -438.420 4395.680
309 -266.430 -468.420 4396.000
310 -266.420 -498.370 4395.630
311 -240.540 506.627 4404.210
312 -240.540 476.627 4402.060
313 -240.438 446.628 4400.880
314 -240.438 410.628 4400.740
315 -240.438 386.628 4399.070
316 -240.438 356.628 4396.410
317 -240.438 326.628 4395.320
318 -240.438 296.628 4393.990
319 -240.438 266.628 4393.370
320 -240.180 236.650 4395.350
321 -240.140 206.360 4395.480
322 -240.400 176.480 4395.110
323 -240.440 146.660 4395.200
324 -240.580 116.560 4395.020
325 -239.860 86.470 4395.300
326 -240.460 56.530 4394.740
329 -244.438 -41.372 4393.280
330 -240.438 -63.372 4391.690
331 -234.460 -101.300 4394.380
332 -240.410 -123.340 4393.960
333 -240.380 -153.330 4394.110
334 -240.470 -183.380 4399.160
335 -240.440 -213.370 4402.920
336 -240.440 -243.370 4400.830
337 -240.440 -277.370 4397.700
338 -240.420 -307.340 4397.540
339 -240.430 -333.300 4397.890
340 -240.360 -363.330 4397.140
341 -240.450 -393.400 4396.490
342 -240.330 -423.390 4396.640
343 -240.440 -453.370 4396.330
344 -240.440 -483.370 4395.810
345 -240.440 -513.370 4395.650
346 -214.457 521.628 4403.110
347 -214.457 491.628 4402.650
348 -212.457 463.628 4401.030
349 -214.457 431.628 4399.800
350 -214.457 401.628 4398.420
351 -214.457 371.628 4396.500
352 -214.457 341.628 4394.900
353 -214.457 311.628 4393.340
354 -214.420 281.480 4395.420
355 -214.270 251.560 4395.420
356 -214.440 213.290 4395.530
357 -214.300 191.550 4395.270
358 -214.760 161.140 4395.170
359 -214.610 132.380 4396.010
360 -213.830 100.960 4395.100
361 -214.520 71.090 4395.290
365 -214.460 -48.320 4394.560
366 -214.470 -78.400 4394.410
367 -214.430 -108.330 4394.270
368 -213.410 -142.370 4394.040
369 -214.450 -168.310 4394.820
370 -212.410 -200.340 4396.920
371 -214.540 -228.300 4398.170
372 -212.460 -258.360 4399.100
373 -214.530 -288.320 4400.420
374 -214.460 -318.370 4403.030
375 -214.460 -348.370 4400.050
376 -214.460 -378.370 4397.050
377 -214.460 -408.370 4397.050
378 -214.460 -438.370 4396.840
379 -214.460 -468.370 4396.060
380 -214.460 -498.370 4396.080
381 -214.460 -528.370 4395.940
382 -184.477 532.628 4402.940
383 -188.477 510.628 4401.790
384 -188.477 476.628 4401.510
385 -188.477 446.628 4400.010
386 -188.477 416.628 4398.240
387 -188.477 386.628 4396.500
388 -188.477 356.628 4395.320
389 -188.477 326.628 4393.890
390 -188.380 296.590 4395.600
391 -188.210 266.830 4395.450
392 -188.270 227.360 4395.380
393 -188.270 206.510 4395.740
394 -188.200 176.190 4395.390
395 -188.990 147.130 4396.310
396 -188.280 117.020 4395.130
397 -187.900 85.700 4395.180
399 -188.530 -33.270 4393.870
400 -188.500 -63.210 4394.020
401 -188.470 -93.330 4393.810
402 -188.440 -123.280 4394.470
403 -185.380 -150.310 4394.870
404 -188.470 -183.320 4395.020
405 -190.770 -212.980 4396.040
406 -188.330 -243.310 4396.630
407 -188.480 -273.370 4397.890
408 -188.580 -303.370 4399.760
409 -188.520 -333.360 4404.860
410 -188.480 -365.370 4400.830
411 -188.480 -393.370 4398.500
412 -188.480 -423.370 4397.230
413 -188.480 -453.370 4397.200
414 -188.480 -483.370 4397.210
415 -188.480 -513.370 4396.770
416 -188.480 -543.370 4396.560
417 -162.496 551.628 4401.010
418 -158.496 521.628 4400.880
419 -162.496 491.628 4400.070
420 -162.496 461.628 4399.320
421 -162.496 431.628 4397.830
422 -162.496 401.628 4395.880
423 -162.496 371.628 4395.720
424 -162.496 341.628 4393.800
425 -162.510 311.670 4395.650
426 -162.440 281.530 4395.630
427 -162.440 251.500 4395.460
428 -162.420 221.700 4395.730
429 -162.450 191.660 4395.580
430 -162.850 162.750 4395.900
431 -162.330 130.910 4395.200
432 -162.510 101.210 4395.050
433 -157.225 -48.372 4393.310
434 -162.570 -78.320 4394.390
435 -162.470 -108.270 4394.260
436 -162.440 -138.380 4394.630
437 -162.460 -168.300 4394.790
438 -162.600 -198.370 4394.440
439 -162.500 -228.370 4395.470
440 -162.500 -258.370 4395.830
441 -162.440 -288.300 4397.710
442 -162.460 -318.320 4399.750
443 -162.410 -358.370 4401.400
444 -157.470 -381.360 4399.060
445 -162.460 -408.420 4398.580
446 -162.500 -438.370 4397.670
447 -162.500 -468.390 4397.290
448 -162.500 -498.370 4397.690
449 -162.500 -528.370 4398.190
450 -136.515 536.628 4400.750
451 -136.515 506.628 4400.630
452 -136.515 476.628 4399.830
453 -136.515 446.628 4397.120
454 -135.515 416.628 4396.150
455 -136.515 386.628 4395.730
456 -136.515 356.628 4395.100
457 -136.515 326.628 4393.850
458 -136.370 296.450 4395.790
459 -132.390 260.420 4395.880
460 -136.260 236.440 4395.820
461 -136.430 206.660 4395.510
462 -136.620 177.330 4395.740
463 -135.740 146.940 4395.520
464 -136.300 116.080 4395.470
465 -130.090 -100.000 4394.120
466 -141.960 -123.290 4395.010
467 -136.520 -153.290 4394.830
468 -136.460 -183.370 4395.040
469 -136.520 -213.370 4395.570
470 -136.520 -243.370 4395.790
471 -136.520 -273.370 4396.540
472 -136.520 -303.370 4397.670
473 -132.010 -333.380 4401.380
474 -135.520 -364.370 4400.430
475 -136.520 -393.370 4399.650
476 -134.520 -418.870 4400.310
477 -136.560 -453.390 4398.630
478 -136.520 -483.370 4398.400
479 -130.520 -507.370 4399.900
480 -136.520 -553.370 4399.970
481 -115.034 551.628 4400.920
482 -110.534 521.628 4399.760
483 -110.534 491.628 4399.240
484 -110.534 461.628 4396.410
485 -110.534 431.628 4396.520
486 -110.534 401.628 4395.960
487 -110.534 371.628 4395.360
488 -114.534 337.628 4394.030
489 -109.710 311.510 4395.860
490 -110.180 275.940 4395.590
491 -108.800 251.490 4395.330
492 -110.580 221.640 4395.280
493 -110.590 191.790 4396.330
494 -110.670 161.570 4395.520
495 -110.420 131.830 4396.800
496 -110.940 -136.120 4394.560
497 -97.460 -161.240 4394.440
498 -110.510 -200.300 4394.770
499 -110.500 -228.350 4395.730
500 -104.430 -258.360 4396.140
501 -110.460 -288.310 4396.950
502 -110.560 -315.400 4398.570
503 -110.510 -348.300 4401.070
504 -110.540 -378.370 4400.230
505 -110.540 -408.370 4401.360
506 -110.520 -438.380 4401.990
507 -113.480 -468.370 4399.780
508 -110.540 -498.370 4401.070
509 -110.540 -528.370 4398.620
510 -105.540 -558.370 4403.770
511 -84.553 566.628 4401.410
512 -84.553 536.628 4399.860
513 -84.553 506.628 4398.510
514 -84.553 476.628 4396.960
515 -84.553 446.628 4396.930
516 -84.553 416.628 4395.900
517 -84.553 386.628 4394.300
518 -84.380 356.400 4395.620
519 -84.940 326.900 4395.220
520 -84.600 296.640 4395.260
521 -84.430 266.920 4395.190
522 -84.380 236.850 4395.290
523 -84.300 207.410 4395.400
524 -84.550 176.770 4396.060
525 -84.500 146.740 4395.750
526 -90.840 -183.740 4392.920
527 -84.440 -213.380 4394.900
528 -84.470 -243.330 4395.830
529 -84.470 -273.310 4396.580
530 -84.510 -303.410 4398.620
531 -83.450 -329.300 4400.880
532 -89.560 -363.370 4401.840
533 -87.560 -390.370 4402.330
534 -84.580 -423.400 4403.640
535 -84.560 -449.370 4404.330
536 -79.560 -485.370 4405.840
537 -84.560 -508.370 4405.860
538 -84.560 -543.370 4404.970
539 -58.573 551.628 4400.350
540 -61.573 521.628 4397.730
541 -61.573 494.628 4397.310
542 -66.573 461.628 4396.120
543 -61.573 438.628 4396.780
544 -63.573 409.628 4394.490
545 -58.430 371.690 4396.150
546 -58.590 341.660 4395.560
547 -58.210 311.240 4395.370
548 -58.130 280.400 4395.930
549 -58.680 251.710 4395.320
550 -58.590 221.610 4395.660
551 -58.570 191.680 4395.390
552 -58.420 161.850 4395.600
553 -61.570 -228.320 4395.960
554 -58.490 -258.250 4397.430
555 -58.500 -288.340 4398.370
556 -58.510 -318.420 4400.540
557 -58.680 -348.370 4403.900
558 -54.580 -376.370 4404.380
559 -58.580 -408.370 4404.410
560 -63.000 -436.310 4404.710
561 -50.580 -461.370 4407.380
562 -51.580 -498.370 4409.660
563 -58.680 -528.370 4408.410
564 -58.580 -558.370 4409.170
565 -32.592 566.628 4400.580
566 -35.592 545.628 4399.990
567 -32.694 506.627 4395.280
568 -32.592 476.628 4395.450
569 -32.592 446.628 4394.840
570 -32.592 416.628 4394.490
571 -34.720 388.610 4396.500
572 -32.290 356.540 4396.250
573 -32.870 326.700 4396.700
574 -32.630 296.340 4395.740
575 -32.680 266.700 4395.380
576 -32.500 236.500 4395.690
577 -32.920 206.680 4395.500
578 -32.650 176.730 4395.720
579 -29.530 -213.340 4396.500
580 -26.590 -238.370 4397.530
581 -40.580 -273.360 4398.680
582 -32.650 -303.320 4401.410
583 -32.590 -333.370 4404.270
584 -35.590 -363.370 4404.890
585 -32.590 -393.370 4405.190
586 -32.540 -423.420 4405.900
587 -28.590 -453.370 4408.550
588 -32.590 -483.370 4411.670
589 -38.590 -521.370 4409.850
590 -32.590 -543.370 4410.480
591 -32.590 -573.370 4412.090
592 -6.611 551.628 4397.870
593 -6.611 521.628 4395.290
594 -6.611 491.628 4395.400
595 -6.611 461.628 4395.640
596 -6.611 434.628 4396.470
597 -6.750 400.990 4397.640
598 -6.620 371.600 4397.850
599 -6.760 341.330 4397.770
600 -6.730 311.740 4395.650
601 -6.640 281.560 4395.580
602 -6.640 251.640 4395.640
603 -6.680 221.620 4396.080
604 -6.740 191.730 4396.870
605 -6.510 -198.330 4396.340
606 -6.610 -228.370 4397.710
607 -7.570 -259.330 4399.080
608 -9.530 -285.310 4401.740
609 -9.610 -321.370 4405.120
610 -9.610 -348.370 4405.760
611 -6.610 -378.370 4406.510
612 -12.530 -408.290 4406.180
613 -7.610 -433.870 4409.500
614 -9.650 -466.380 4409.480
615 -6.610 -498.370 4413.850
616 -6.610 -528.370 4415.940
617 -6.610 -565.370 4412.470
618 18.880 565.960 4399.700
619 19.180 537.160 4398.210
620 22.369 511.628 4397.460
621 19.510 476.470 4397.110
622 19.369 452.628 4397.100
623 19.470 416.460 4397.890
624 19.610 386.820 4397.790
625 19.780 356.410 4397.990
626 21.320 323.910 4397.960
627 19.730 296.080 4396.040
628 19.240 266.680 4395.810
629 19.440 237.060 4395.880
630 18.580 207.120 4396.000
631 19.430 -183.330 4397.510
632 19.370 -213.370 4398.440
633 19.440 -243.340 4399.870
634 19.400 -273.310 4402.120
635 19.370 -303.370 4406.030
636 19.370 -333.370 4406.570
637 19.380 -363.420 4408.260
638 19.340 -393.310 4409.110
639 19.420 -423.320 4409.420
640 12.400 -453.330 4410.090
641 19.370 -483.370 4411.780
642 19.370 -513.370 4416.350
643 19.370 -543.370 4416.220
645 45.370 551.600 4399.210
646 45.440 522.110 4398.940
647 44.970 500.150 4399.690
648 45.710 461.270 4397.800
649 45.470 435.480 4398.250
650 45.060 401.820 4399.050
651 45.520 371.620 4398.400
652 45.300 341.680 4398.110
653 45.220 311.300 4396.960
654 45.230 281.520 4396.090
655 45.360 251.640 4396.360
656 45.480 221.180 4396.570
657 45.350 -168.370 4397.470
658 45.350 -198.370 4398.900
659 45.390 -228.340 4400.900
660 45.330 -258.310 4403.140
661 45.310 -288.360 4407.260
662 45.350 -318.410 4408.250
663 45.370 -348.370 4409.900
664 45.320 -378.230 4410.560
665 45.380 -408.410 4410.820
666 48.400 -438.370 4410.510
667 40.850 -465.370 4410.620
668 45.350 -493.870 4412.410
669 49.350 -532.370 4416.150
670 49.850 -560.370 4416.650
671 71.320 566.650 4399.840
672 71.180 536.820 4400.390
673 71.680 505.920 4399.440
674 71.430 476.520 4398.860
675 71.640 446.570 4398.210
676 71.420 410.390 4398.700
677 71.400 386.330 4398.710
678 71.200 356.690 4400.120
679 71.150 326.420 4397.620
680 71.160 296.740 4397.460
681 71.220 266.770 4396.850
682 71.430 237.670 4397.310
684 71.330 -153.370 4397.410
685 71.330 -183.370 4398.340
686 71.330 -213.370 4401.880
687 71.330 -237.370 4403.910
688 71.400 -273.250 4407.620
689 71.330 -303.370 4409.280
690 71.340 -337.330 4410.960
691 71.320 -361.350 4411.890
692 71.330 -393.370 4411.010
693 71.330 -423.370 4411.120
694 62.330 -453.370 4411.070
695 71.330 -483.370 4411.500
696 71.330 -515.370 4414.570
697 67.330 -543.370 4416.460
699 92.690 547.720 4400.500
700 97.150 521.760 4400.170
701 97.230 494.250 4399.300
702 97.520 461.450 4398.460
703 97.630 427.740 4398.750
704 97.550 401.500 4399.530
705 97.470 371.300 4399.350
706 97.290 341.730 4399.200
707 93.250 311.820 4398.910
708 96.860 281.950 4397.960
709 95.610 249.690 4397.150
710 97.280 221.680 4398.040
711 97.590 191.470 4397.940
712 108.990 167.190 4397.410
713 97.310 -138.370 4397.930
714 97.310 -168.370 4399.420
715 97.310 -198.370 4402.240
716 97.310 -228.370 4404.740
717 97.310 -258.340 4407.950
718 92.380 -288.390 4410.120
719 95.270 -320.400 4412.230
720 101.800 -346.310 4412.900
721 97.210 -378.370 4411.960
722 97.310 -408.370 4411.670
723 97.320 -438.400 4411.360
724 95.310 -468.370 4411.650
725 101.810 -496.370 4412.200
726 97.310 -528.370 4414.340
727 97.310 -558.370 4415.790
728 130.100 543.780 4401.670
729 121.480 504.860 4400.150
730 122.890 484.450 4399.260
731 123.390 448.110 4398.600
732 122.260 407.320 4399.170
733 122.840 385.780 4399.710
734 123.280 356.570 4399.180
735 123.290 326.950 4399.070
736 120.390 292.660 4399.060
737 123.220 266.810 4398.000
738 123.070 236.860 4399.590
739 123.280 206.710 4399.090
740 123.550 176.600 4398.960
741 123.360 146.800 4396.630
743 123.290 -127.370 4398.690
744 119.380 -153.350 4399.440
745 119.290 -183.370 4401.980
746 119.290 -217.370 4405.050
747 123.290 -243.370 4407.480
748 123.290 -273.370 4410.650
749 119.250 -306.670 4411.920
750 123.110 -333.630 4411.680
751 123.040 -363.610 4410.720
752 123.110 -393.600 4410.440
753 123.330 -423.620 4410.310
754 123.220 -453.450 4410.680
755 125.030 -480.440 4412.210
756 122.740 -513.340 4412.270
757 126.080 -540.690 4413.490
758 149.130 548.710 4402.230
759 147.140 521.840 4401.900
762 149.360 431.440 4400.170
763 149.510 402.290 4399.830
764 149.190 371.710 4399.450
765 148.850 341.610 4398.430
766 149.070 311.750 4398.950
767 149.210 281.850 4399.720
768 149.390 251.750 4399.580
769 149.340 221.710 4399.220
770 149.380 191.620 4399.080
771 149.140 161.730 4398.670
772 149.470 131.490 4397.950
773 149.320 101.580 4397.820
775 151.270 -108.370 4398.630
776 149.400 -134.230 4399.940
777 149.270 -172.370 4402.510
778 149.270 -198.370 4404.350
779 153.770 -230.370 4407.780
780 149.270 -258.370 4409.780
781 149.110 -284.620 4410.970
782 149.180 -318.690 4412.310
783 153.440 -352.040 4411.260
784 149.040 -378.540 4410.620
785 149.060 -408.790 4410.620
786 149.160 -436.480 4411.130
787 144.370 -467.510 4411.530
788 155.160 -502.370 4412.360
789 149.010 -528.410 4412.900
790 147.400 -556.230 4414.050
795 173.420 414.460 4399.980
796 172.350 379.290 4400.620
797 175.380 356.370 4400.570
798 175.050 326.760 4398.950
799 174.680 296.460 4399.370
800 175.160 266.630 4400.120
801 175.230 236.340 4399.360
802 175.210 206.500 4398.740
803 175.220 175.980 4398.930
804 175.270 146.400 4398.880
805 175.090 116.760 4398.510
806 175.530 86.400 4397.700
807 175.510 56.720 4397.380
808 181.580 29.860 4396.990
809 175.400 -93.310 4398.800
810 175.330 -123.190 4400.320
811 175.250 -153.370 4402.120
812 175.250 -183.370 4404.130
813 175.250 -213.370 4406.890
814 179.250 -239.370 4408.850
815 175.130 -273.690 4411.160
816 175.030 -303.750 4411.030
817 175.110 -333.430 4410.910
818 175.220 -363.670 4411.020
819 175.310 -393.720 4410.600
820 174.070 -422.790 4411.070
821 175.070 -453.640 4411.630
822 174.880 -483.540 4412.270
823 175.040 -513.640 4412.620
824 174.480 -542.930 4413.970
828 201.800 431.360 4400.300
829 201.770 401.450 4401.090
830 200.680 370.540 4399.540
831 201.170 340.260 4399.480
832 201.430 311.720 4399.350
833 201.310 281.570 4399.530
834 201.260 251.680 4399.600
835 201.190 221.740 4399.030
836 201.240 191.640 4398.860
837 196.280 161.650 4398.480
838 209.310 131.630 4400.390
839 209.940 101.340 4398.820
840 201.490 71.310 4398.780
841 201.300 41.480 4398.770
842 201.340 11.420 4397.590
843 201.330 -9.360 4397.480
844 201.370 -78.260 4398.580
845 201.230 -108.170 4399.570
846 201.230 -138.370 4401.380
847 201.230 -168.370 4403.040
848 201.230 -191.370 4405.530
849 201.230 -224.370 4408.280
850 201.070 -258.560 4410.170
851 201.020 -285.590 4410.950
852 196.520 -318.580 4410.650
853 201.440 -348.240 4411.010
854 200.200 -378.890 4410.810
855 203.600 -408.260 4410.960
856 200.910 -438.550 4411.780
857 196.900 -468.670 4411.700
858 199.030 -498.800 4412.380
859 201.070 -528.530 4412.560
862 229.730 448.330 4402.530
863 227.680 416.480 4401.650
864 227.330 374.640 4400.000
865 227.060 356.590 4399.800
866 227.350 326.590 4400.040
867 227.040 296.520 4399.580
868 227.590 266.360 4399.650
869 227.640 236.470 4399.440
870 227.660 206.420 4399.400
871 231.500 179.260 4399.510
872 227.310 146.620 4398.470
873 231.180 123.620 4398.460
874 227.490 86.430 4398.270
875 227.460 56.400 4398.830
876 227.500 26.330 4398.810
877 219.110 -3.140 4398.560
878 227.210 -33.370 4398.090
879 227.330 -63.220 4399.430
880 227.210 -93.370 4399.830
881 224.210 -126.370 4401.060
882 224.210 -149.370 4402.590
883 227.210 -183.370 4404.740
884 227.210 -213.370 4407.290
885 225.060 -243.480 4409.150
886 226.930 -273.180 4410.070
887 227.160 -303.630 4410.110
888 227.140 -332.970 4410.920
889 226.570 -363.520 4410.860
890 226.470 -392.630 4411.200
891 226.920 -423.600 4411.550
892 230.930 -452.240 4412.020
893 226.750 -483.380 4412.440
894 226.860 -513.620 4412.670
896 253.470 461.440 4402.700
897 253.530 431.490 4401.840
898 253.560 401.480 4401.620
899 253.330 371.660 4401.110
900 253.290 345.740 4400.690
901 253.380 311.720 4400.450
902 253.300 281.760 4399.640
903 253.200 251.270 4399.340
904 253.550 221.530 4399.620
905 253.590 191.330 4399.540
906 253.740 161.370 4398.880
907 253.190 131.630 4398.870
908 254.190 101.630 4398.750
909 253.190 71.630 4398.710
910 253.540 41.370 4399.160
911 253.190 20.630 4399.080
912 253.190 -18.370 4398.800
913 253.410 -48.280 4399.250
914 253.370 -78.340 4399.690
915 253.190 -112.870 4400.350
916 253.190 -138.370 4402.350
917 253.190 -168.370 4404.520
918 257.690 -196.370 4406.850
919 258.900 -227.880 4408.380
920 253.010 -258.550 4409.410
921 253.460 -288.720 4410.080
922 252.910 -317.990 4410.640
923 253.040 -348.590 4410.730
924 249.610 -378.830 4411.310
925 252.530 -408.700 4411.180
926 252.760 -438.420 4411.700
927 252.960 -468.800 4412.340
928 252.960 -498.550 4412.650
929 279.170 476.620 4402.600
930 285.380 446.740 4402.250
931 279.040 416.740 4401.760
932 279.210 386.710 4401.810
933 281.040 355.410 4401.670
934 279.170 326.630 4402.180
935 279.280 296.680 4401.440
936 282.160 266.700 4400.240
937 286.310 226.710 4400.390
938 279.640 206.300 4399.770
939 279.430 174.380 4398.940
940 279.560 146.510 4398.890
941 279.170 116.630 4398.920
942 279.170 86.630 4398.900
943 279.410 56.240 4399.080
944 279.170 22.630 4399.200
945 279.170 -3.370 4398.840
946 276.340 -33.260 4399.280
947 279.280 -63.260 4400.020
948 284.170 -93.370 4399.990
949 279.170 -123.370 4401.730
950 279.170 -153.370 4403.690
951 279.170 -183.370 4406.080
952 277.330 -219.710 4407.600
953 279.230 -243.630 4408.650
954 278.670 -273.100 4409.760
955 278.690 -303.170 4410.620
956 279.270 -329.530 4410.660
957 273.390 -363.810 4411.040
958 278.990 -393.600 4411.050
959 284.520 -423.040 4412.230
960 279.040 -453.630 4411.850
961 278.310 -482.940 4412.320
962 305.300 461.570 4402.640
963 308.070 435.680 4401.960
964 305.100 401.680 4402.020
965 305.090 371.660 4401.790
966 305.300 341.700 4401.910
967 305.370 311.770 4401.940
968 305.220 281.860 4401.580
969 305.120 251.700 4401.290
970 305.460 222.180 4399.980
971 305.280 181.210 4399.320
972 305.740 157.320 4399.060
973 305.450 131.430 4399.050
974 305.150 101.630 4399.890
975 305.150 71.630 4399.620
976 305.150 41.630 4399.540
977 305.150 11.630 4399.270
978 305.380 -18.320 4399.350
979 305.340 -48.340 4400.510
980 305.150 -78.370 4400.400
981 296.150 -108.370 4400.930
982 305.150 -142.870 4404.300
983 305.150 -168.370 4405.870
984 304.900 -198.160 4406.350
985 300.710 -228.430 4408.100
986 304.960 -254.420 4409.350
987 304.830 -292.110 4409.600
988 300.960 -319.150 4410.350
989 305.950 -346.260 4410.530
990 304.710 -378.260 4410.970
991 308.820 -405.360 4411.200
992 303.150 -441.080 4412.580
993 305.080 -468.510 4412.340
994 331.090 446.760 4401.530
995 328.000 422.680 4402.150
996 333.900 393.390 4402.320
997 335.280 356.580 4402.050
998 331.250 326.630 4401.910
999 331.150 296.730 4401.810
1000 331.180 256.670 4401.640
1001 335.140 236.630 4400.980
1002 322.330 206.410 4399.710
1003 331.140 176.630 4400.480
1004 331.140 146.630 4400.290
1005 331.140 116.630 4399.570
1006 331.140 86.630 4399.450
1007 331.140 56.630 4399.440
1008 331.140 26.630 4399.630
1009 331.270 -3.240 4399.920
1010 331.320 -25.320 4399.850
1011 331.140 -60.370 4400.180
1012 331.140 -90.370 4401.040
1013 331.140 -123.370 4403.490
1014 333.140 -155.370 4405.430
1015 327.430 -183.430 4406.120
1016 330.990 -213.730 4407.560
1017 332.270 -243.210 4408.480
1018 330.660 -269.570 4409.290
1019 330.190 -303.770 4409.850
1020 334.480 -324.810 4409.960
1021 331.090 -360.360 4411.020
1022 331.020 -386.730 4411.170
1023 328.200 -426.820 4411.880
1024 330.980 -453.520 4412.460
1025 357.230 431.590 4402.390
1026 363.260 401.550 4402.040
1027 362.220 371.740 4401.930
1028 357.160 341.780 4401.670
1029 357.180 311.650 4401.820
1030 357.120 281.630 4402.460
1031 357.120 245.630 4401.580
1032 352.120 224.630 4400.540
1033 357.450 199.690 4400.360
1034 357.120 161.630 4400.620
1035 357.120 131.630 4399.880
1036 357.120 101.630 4400.390
1037 357.120 71.630 4399.830
1038 357.120 41.630 4400.610
1039 357.130 11.680 4399.670
1040 357.210 -18.140 4400.370
1041 352.120 -51.370 4400.220
1042 360.120 -83.370 4401.620
1043 357.120 -108.370 4403.730
1044 361.620 -134.370 4405.120
1045 362.740 -165.140 4405.790
1046 356.620 -197.750 4406.940
1047 357.270 -228.300 4407.610
1048 363.920 -251.180 4408.560
1049 356.800 -290.360 4408.970
1050 356.980 -313.490 4409.410
1051 362.830 -348.450 4410.810
1052 358.210 -378.590 4411.380
1053 363.970 -408.670 4411.190
1054 356.960 -438.920 4412.260
1055 383.320 416.710 4402.370
1056 382.990 388.920 4402.020
1057 383.310 356.610 4402.050
1058 383.180 326.710 4402.000
1059 383.320 296.730 4402.040
1060 383.100 266.630 4401.300
1061 383.100 236.630 4401.300
1062 389.350 200.750 4401.330
1063 385.200 173.090 4400.130
1064 383.100 146.630 4401.430
1065 383.100 116.630 4401.540
1066 383.100 86.630 4401.100
1067 383.100 56.630 4400.700
1068 383.190 26.760 4400.470
1069 383.830 -3.710 4400.410
1070 383.100 -33.370 4400.430
1071 382.100 -62.370 4401.190
1072 385.100 -91.370 4403.470
1073 383.100 -120.370 4404.250
1074 379.870 -155.350 4405.100
1075 386.260 -187.620 4406.780
1076 382.910 -219.450 4407.480
1077 383.070 -241.090 4408.260
1078 382.860 -273.520 4408.880
1079 383.090 -299.320 4408.910
1080 378.620 -335.660 4410.700
1081 381.030 -359.660 4410.750
1082 382.600 -397.260 4411.670
1083 379.780 -423.900 4411.890
1084 409.070 401.760 4402.350
1085 409.090 371.800 4402.040
1086 409.080 341.630 4402.550
1087 409.080 311.630 4403.050
1088 409.080 281.630 4401.330
1089 409.080 251.630 4402.970
1090 409.350 216.560 4401.290
1091 414.250 189.640 4401.330
1092 414.150 157.910 4402.350
1093 420.850 131.640 4404.570
1094 407.080 99.630 4403.160
1095 409.080 71.630 4401.890
1096 409.150 41.940 4400.590
1097 409.330 11.940 4400.590
1098 406.080 -12.370 4400.520
1099 409.080 -51.370 4401.250
1100 409.080 -75.370 4401.830
1101 417.080 -108.370 4403.540
1102 416.230 -138.310 4403.860
1103 408.480 -166.730 4404.920
1104 409.310 -198.470 4406.640
1105 408.860 -228.400 4407.350
1106 408.730 -258.510 4408.150
1107 405.900 -288.590 4408.710
1108 408.480 -318.350 4409.600
1109 409.140 -344.530 4410.250
1110 409.060 -376.690 4410.500
1111 410.800 -407.240 4412.000
1112 435.060 356.630 4402.780
1113 435.060 326.630 4401.710
1114 435.060 296.630 4401.640
1115 435.060 266.630 4402.050
1116 431.060 243.630 4401.570
1117 435.060 206.630 4400.880
1118 435.060 176.630 4402.280
1119 435.060 146.630 4401.750
1120 439.060 116.630 4402.370
1121 442.060 83.630 4401.120
1122 447.220 59.750 4400.820
1123 435.250 26.830 4400.670
1124 435.060 -0.370 4400.920
1125 434.960 -33.370 4401.250
1126 439.060 -63.370 4401.740
1127 435.060 -93.370 4402.430
1128 431.830 -123.510 4403.560
1129 435.900 -158.410 4405.600
1130 434.950 -183.550 4406.180
1131 434.880 -213.460 4406.420
1132 435.790 -243.570 4407.400
1133 434.310 -278.300 4408.570
1134 429.480 -305.320 4408.970
1135 434.790 -328.460 4409.420
1136 433.010 -363.010 4409.690
1137 461.040 341.630 4402.520
1138 461.040 311.630 4401.860
1139 461.040 281.630 4401.690
1140 461.040 260.630 4401.490
1141 461.130 221.840 4401.830
1142 461.040 191.630 4402.000
1143 461.040 161.630 4401.980
1144 468.040 134.630 4402.120
1145 461.040 97.130 4402.380
1146 461.620 71.730 4401.230
1147 461.240 41.670 4401.010
1148 461.040 11.630 4401.060
1149 461.040 -18.370 4401.330
1150 461.040 -48.370 4402.050
1151 458.040 -74.370 4402.260
1152 458.000 -108.580 4402.970
1153 455.910 -137.770 4403.850
1154 460.630 -168.410 4405.510
1155 462.610 -198.730 4406.110
1156 460.610 -229.260 4406.620
1157 460.890 -258.510 4407.930
1158 460.710 -284.670 4408.190
1159 459.120 -313.730 4408.960
1160 460.980 -355.450 4409.580
1161 487.020 296.630 4402.350
1162 487.020 266.630 4401.950
1163 487.230 236.640 4401.840
1164 482.090 204.930 4401.770
1165 490.250 180.920 4401.810
1166 484.020 142.630 4402.310
1167 487.020 119.630 4402.360
1168 484.020 86.630 4401.310
1169 485.200 54.810 4401.840
1170 487.020 31.130 4401.500
1171 481.020 0.630 4401.380
1172 489.020 -32.370 4401.740
1173 486.020 -62.370 4402.200
1174 487.050 -93.440 4402.300
1175 484.820 -120.010 4403.390
1176 479.100 -153.250 4404.860
1177 482.930 -179.840 4405.480
1178 486.310 -210.800 4406.000
1179 486.770 -243.400 4407.060
1180 486.870 -273.550 4407.740
1181 486.840 -296.530 4408.420
1182 513.000 251.630 4401.750
1183 513.000 221.630 4401.910
1184 513.160 191.660 4402.070
1185 513.000 161.630 4402.290
1186 513.000 131.630 4402.630
1187 515.000 101.630 4402.590
1188 502.530 67.060 4403.750
1193 512.590 -78.280 4402.520
1194 513.310 -108.440 4403.230
1195 514.930 -138.370 4403.940
1196 506.970 -168.740 4404.980
1197 512.910 -198.900 4405.570
1198 517.730 -222.220 4406.070
1199 503.860 -263.440 4407.390
1200 538.980 206.630 4402.550
1201 538.980 176.630 4402.530
1202 543.980 146.630 4403.740
1203 546.980 116.630 4402.710
1204 532.980 86.630 4402.570
1205 528.110 55.310 4403.050
1210 538.940 -93.680 4403.350
1211 546.460 -118.140 4403.720
1212 540.980 -153.550 4404.730
1214 564.960 101.630 4402.210
1215 564.960 71.630 4402.760
1216 574.960 46.130 4402.840
1221 564.020 -109.200 4403.620
1222 -58.560 -198.360 4395.360
1223 -32.520 -183.330 4395.380
1224 -6.540 -168.300 4395.830
1225 19.380 -153.360 4395.870
1226 45.350 -138.350 4395.970
1227 71.420 -123.320 4396.270
1228 94.710 -109.870 4396.270
1229 123.290 -93.370 4398.120
1230 149.270 -78.370 4397.440
1231 175.250 -63.370 4397.550
1232 201.230 -48.370 4398.710
1233 -58.573 581.628 4401.360
1234 -6.611 581.628 4401.690
1235 45.820 581.160 4400.150
1236 -162.500 -558.370 4398.670
1237 -143.800 -75.310 4393.950
1238 -170.730 -23.129 4393.300
1239 -543.541 174.872 4401.840
