6.886886060237884521e-02
7.091830670833587646e-02
4.625811800360679626e-02
6.343295425176620483e-02
3.090961370617151260e-03
6.119832396507263184e-02
1.992057077586650848e-02
2.239789627492427826e-02
7.482087612152099609e-02
1.233667358756065369e-01
1.355439275503158569e-01
8.225456811487674713e-03
1.700422167778015137e-02
1.611453248187899590e-03
7.544185966253280640e-02
7.133416831493377686e-02
4.412965849041938782e-03
5.929470062255859375e-02
1.265239268541336060e-01
1.095797568559646606e-01
3.789529502391815186e-01
4.503443837165832520e-02
5.569849610328674316e-01
2.345482632517814636e-02
4.395926371216773987e-03
3.122138790786266327e-02
1.559966951608657837e-01
3.975286483764648438e-01
2.503241896629333496e-01
2.409925684332847595e-02
3.896191949024796486e-03
1.261259778402745724e-03
4.027324020862579346e-01
1.245690789073705673e-02
4.793928563594818115e-01
8.979579061269760132e-02
1.694582700729370117e-01
4.314987659454345703e-01
3.023197054862976074e-01
2.925838530063629150e-01
1.741234958171844482e-01
6.237363442778587341e-02
9.306295961141586304e-02
1.629446633160114288e-02
6.682843714952468872e-02
1.128457933664321899e-01
4.565401971340179443e-01
2.620839513838291168e-02
6.103030219674110413e-02
4.533210769295692444e-02
4.315062984824180603e-02
2.487951889634132385e-02
5.957821011543273926e-02
1.162722930312156677e-01
8.940444886684417725e-02
3.584943711757659912e-01
8.507257699966430664e-02
1.479028612375259399e-01
1.869534850120544434e-01
1.393395960330963135e-01
6.669895052909851074e-01
6.072893738746643066e-02
4.762847721576690674e-01
2.997911274433135986e-01
1.729225665330886841e-01
5.967476367950439453e-01
4.750458598136901855e-01
6.545240283012390137e-01
9.891916997730731964e-03
4.916014075279235840e-01
1.430919766426086426e-01
4.490973353385925293e-01
1.970482058823108673e-03
9.090609848499298096e-02
1.218908280134201050e-01
1.956410855054855347e-01
2.155658975243568420e-02
7.890054583549499512e-02
2.711998224258422852e-01
9.552893787622451782e-02
4.987088143825531006e-01
6.779419630765914917e-02
2.852050662040710449e-01
1.183513458818197250e-02
5.556054040789604187e-02
5.426275357604026794e-02
4.313116073608398438e-01
6.913882493972778320e-01
2.198191545903682709e-02
9.539738297462463379e-02
2.911438979208469391e-02
7.382181007415056229e-03
1.409692019224166870e-01
5.341745018959045410e-01
3.672518134117126465e-01
5.964985489845275879e-02
4.137240052223205566e-01
7.582496404647827148e-01
1.069944202899932861e-01
3.822944164276123047e-01
5.878278613090515137e-02
6.543634831905364990e-02
2.831768710166215897e-03
5.032689571380615234e-01
3.302950263023376465e-01
1.068248078227043152e-01
1.728010922670364380e-01
3.060068190097808838e-02
4.115479588508605957e-01
1.260825246572494507e-01
7.678036112338304520e-03
1.219599414616823196e-02
2.002797089517116547e-02
4.361326396465301514e-01
5.351342633366584778e-02
4.022479802370071411e-02
2.429165244102478027e-01
2.366909012198448181e-02
2.117210999131202698e-02
3.813727796077728271e-01
8.394517898559570312e-01
1.985882967710494995e-01
3.032319843769073486e-01
2.081067264080047607e-01
3.072013854980468750e-01
3.398567438125610352e-01
1.256217360496520996e-01
4.545904230326414108e-03
2.037223428487777710e-02
1.683229766786098480e-02
2.594169676303863525e-01
2.585768401622772217e-01
4.029391109943389893e-01
5.876935645937919617e-02
1.898408681154251099e-01
1.056545674800872803e-01
1.016154419630765915e-02
5.789450183510780334e-02
3.066673409193754196e-03
1.568120904266834259e-03
7.155220955610275269e-02
6.255581974983215332e-01
6.341240406036376953e-01
2.521198391914367676e-01
3.781246840953826904e-01
1.538287475705146790e-02
1.785037070512771606e-01
2.782982587814331055e-02
2.149243466556072235e-02
2.057274580001831055e-01
1.696730963885784149e-02
2.342551387846469879e-02
6.368767004460096359e-03
1.064429339021444321e-02
5.948512256145477295e-02
4.769922699779272079e-03
1.723406463861465454e-01
8.697094023227691650e-02
2.559449076652526855e-01
1.532192900776863098e-02
2.580698132514953613e-01
1.782086491584777832e-02
1.946720182895660400e-01
1.322495937347412109e-01
9.255333244800567627e-02
1.034883968532085419e-02
3.836114332079887390e-02
2.605687081813812256e-01
5.158556103706359863e-01
8.748098462820053101e-02
2.600432336330413818e-01
9.690689295530319214e-02
1.119556501507759094e-01
7.805468887090682983e-02
5.304882675409317017e-02
6.099057570099830627e-02
1.429186910390853882e-01
2.563629150390625000e-01
2.920041084289550781e-01
6.626422703266143799e-02
3.460073471069335938e-01
3.692530328407883644e-03
9.371596574783325195e-02
1.112725660204887390e-01
2.357563376426696777e-01
7.514119744300842285e-01
2.515842579305171967e-02
5.709611624479293823e-02
5.184360742568969727e-01
7.123937364667654037e-03
2.379343612119555473e-03
2.326785475015640259e-01
3.105559945106506348e-01
4.184997081756591797e-01
2.187873125076293945e-01
8.280932903289794922e-02
9.860190562903881073e-03
3.260412067174911499e-02
3.195912539958953857e-01
7.597139477729797363e-01
2.863416373729705811e-01
1.523792147636413574e-01
4.997157678008079529e-02
1.589208841323852539e-01
2.842425704002380371e-01
6.042404845356941223e-02
4.583618044853210449e-01
3.929950892925262451e-01
6.150264739990234375e-01
5.969076603651046753e-02
5.486324429512023926e-01
1.990830749273300171e-01
1.890506595373153687e-02
7.348939776420593262e-02
5.670996904373168945e-01
3.208345174789428711e-02
4.336555302143096924e-01
3.012179397046566010e-02
2.697568237781524658e-01
2.876252494752407074e-02
3.704705089330673218e-02
4.723513722419738770e-01
3.279021978378295898e-01
5.209065079689025879e-01
7.814563065767288208e-02
5.922224521636962891e-01
1.905270479619503021e-02
3.385055959224700928e-01
2.763967812061309814e-01
3.508638963103294373e-02
1.052121445536613464e-02
5.875536203384399414e-01
3.742971271276473999e-02
2.359823286533355713e-01
3.976276218891143799e-01
6.011560186743736267e-02
1.295635942369699478e-03
1.062168851494789124e-01
2.422090470790863037e-01
2.561768293380737305e-01
4.315111339092254639e-01
3.769000060856342316e-03
5.032249260693788528e-03
2.505123615264892578e-01
2.814031243324279785e-01
6.706571578979492188e-02
9.515521675348281860e-02
4.770461618900299072e-01
3.915721550583839417e-03
5.418254733085632324e-01
6.296674013137817383e-01
8.040624856948852539e-02
3.238202258944511414e-02
2.488831058144569397e-02
7.124350666999816895e-01
5.322477817535400391e-01
6.147472187876701355e-02
1.503628678619861603e-03
2.339059710502624512e-01
5.400663018226623535e-01
4.584423452615737915e-02
4.255291819572448730e-02
6.335550546646118164e-02
6.264603137969970703e-02
3.295366168022155762e-01
8.555108308792114258e-02
3.483012914657592773e-01
2.712403833866119385e-01
1.017079278826713562e-01
3.379485905170440674e-01
4.613446891307830811e-01
7.615383714437484741e-03
3.138353675603866577e-02
3.329127132892608643e-01
1.543004345148801804e-02
5.216435063630342484e-03
5.374013781547546387e-01
3.464060723781585693e-01
2.185546904802322388e-01
3.013225737959146500e-03
2.566800080239772797e-02
5.269938111305236816e-01
7.625401765108108521e-02
1.082696299999952316e-02
5.730579793453216553e-02
1.146763004362583160e-02
2.351788133382797241e-01
9.598524868488311768e-02
1.279565244913101196e-01
4.312634468078613281e-02
4.452725872397422791e-03
2.444977462291717529e-01
1.737255416810512543e-02
1.737236082553863525e-01
1.403097212314605713e-01
1.248631402850151062e-01
3.226083815097808838e-01
1.679760515689849854e-01
1.415564795024693012e-03
3.764155507087707520e-01
4.575988650321960449e-01
2.117116004228591919e-02
4.706797301769256592e-01
8.204570412635803223e-02
9.843196719884872437e-02
4.374814033508300781e-02
7.919555529952049255e-03
6.296374797821044922e-01
2.899955771863460541e-02
1.511409580707550049e-01
2.243390530347824097e-01
3.957814872264862061e-01
6.284457445144653320e-02
2.793441899120807648e-02
2.653526142239570618e-02
2.960989177227020264e-01
1.296560317277908325e-01
7.487098127603530884e-02
1.208387464284896851e-01
7.563418895006179810e-02
2.234539389610290527e-02
1.734704375267028809e-01
2.256844341754913330e-01
2.484341114759445190e-01
1.029403805732727051e-01
6.770502030849456787e-02
9.440339356660842896e-02
2.752022147178649902e-01
4.945716261863708496e-01
1.183397034765221179e-04
6.382080316543579102e-01
1.295065879821777344e-01
5.744957178831100464e-02
5.763715598732233047e-03
1.698709279298782349e-02
4.736426845192909241e-02
1.310220062732696533e-01
4.754298552870750427e-02
2.141416966915130615e-01
1.323964893817901611e-01
1.069178152829408646e-02
1.569941341876983643e-01
2.424418032169342041e-01
4.915930032730102539e-01
2.198475897312164307e-01
2.201301604509353638e-01
4.727052748203277588e-01
2.475758790969848633e-01
3.860417902469635010e-01
8.499125242233276367e-01
2.514341473579406738e-01
4.776516556739807129e-01
7.053822278976440430e-03
2.579468488693237305e-01
3.065566532313823700e-02
2.429286576807498932e-02
3.673648834228515625e-01
1.039341092109680176e-01
1.046434417366981506e-02
3.577194642275571823e-03
4.090347327291965485e-03
1.504742652177810669e-01
1.688954979181289673e-02
2.483645677566528320e-01
3.583915159106254578e-02
6.864006072282791138e-02
1.166369765996932983e-02
1.745330728590488434e-02
1.889871954917907715e-01
6.278426945209503174e-02
2.857336215674877167e-02
6.505086272954940796e-02
7.306416332721710205e-02
5.886998958885669708e-03
1.880244351923465729e-02
1.795249246060848236e-02
1.641383767127990723e-02
2.046144381165504456e-02
1.515428163111209869e-02
5.486566424369812012e-01
1.772234439849853516e-01
1.784702297300100327e-03
2.506604231894016266e-02
1.161747574806213379e-01
7.138634473085403442e-02
4.019038975238800049e-01
3.015184402465820312e-01
2.519865632057189941e-01
1.108066812157630920e-01
5.873645655810832977e-03
2.695724368095397949e-01
6.918973922729492188e-01
4.640396311879158020e-02
8.942829966545104980e-01
8.613499999046325684e-02
7.124753203243017197e-03
2.988607287406921387e-01
9.257338941097259521e-02
7.989662885665893555e-02
4.330633580684661865e-02
1.201981082558631897e-01
3.348328918218612671e-02
7.953301817178726196e-02
2.682323753833770752e-01
3.634819295257329941e-03
3.796112164855003357e-02
7.387521676719188690e-03
5.948660373687744141e-01
4.169753938913345337e-02
9.426408410072326660e-01
3.004664182662963867e-02
1.217362508177757263e-01
8.892770856618881226e-02
8.872767537832260132e-02
6.650269031524658203e-01
5.474137067794799805e-01
5.732114315032958984e-01
3.811854124069213867e-01
2.376238070428371429e-02
6.771206855773925781e-02
1.104926392436027527e-01
3.019394818693399429e-03
1.213671937584877014e-01
4.200173914432525635e-01
3.699407353997230530e-02
1.955322623252868652e-01
2.510514296591281891e-02
1.445921808481216431e-01
5.981174483895301819e-02
4.530308023095130920e-02
1.160870939493179321e-01
2.103691548109054565e-01
5.780074745416641235e-02
2.946670949459075928e-01
1.596429049968719482e-01
2.417523562908172607e-01
2.446361780166625977e-01
4.926772117614746094e-01
4.940722882747650146e-01
2.307666651904582977e-02
2.508852779865264893e-01
1.706048846244812012e-02
2.052352130413055420e-01
2.047439813613891602e-01
8.256818354129791260e-02
3.484437242150306702e-02
8.553063869476318359e-01
9.976291656494140625e-02
7.083160430192947388e-02
2.454972118139266968e-01
3.919247910380363464e-02
3.857356607913970947e-01
9.505401551723480225e-02
4.127572476863861084e-02
1.975116729736328125e-01
2.197466790676116943e-02
1.896885484457015991e-01
2.402402609586715698e-01
1.112771779298782349e-01
3.616861701011657715e-01
6.460633873939514160e-02
8.389878273010253906e-02
7.155434042215347290e-02
3.258127951994538307e-03
2.886651456356048584e-01
5.122187733650207520e-02
2.303886786103248596e-02
1.154009602032601833e-03
5.614819377660751343e-02
9.816012531518936157e-02
3.510629832744598389e-01
5.793578624725341797e-01
1.124651264399290085e-02
3.797934353351593018e-01
7.745087891817092896e-02
9.910207241773605347e-02
1.234164908528327942e-01
5.325905233621597290e-02
2.772730588912963867e-02
5.881257820874452591e-03
7.557103782892227173e-02
1.373376790434122086e-02
1.115605831146240234e-01
8.599455654621124268e-02
8.255781233310699463e-02
9.230267256498336792e-02
3.326456844806671143e-01
1.042490731924772263e-02
7.441928237676620483e-02
2.554272674024105072e-02
3.416710766032338142e-03
1.419823169708251953e-01
2.425844036042690277e-02
8.673714846372604370e-02
7.629033923149108887e-02
5.198343396186828613e-01
1.011771988123655319e-02
2.343589365482330322e-01
1.828665379434823990e-03
9.126675128936767578e-02
6.523897498846054077e-02
4.628016054630279541e-02
7.841393351554870605e-03
5.984534695744514465e-02
2.966473251581192017e-02
1.404684409499168396e-02
2.423723787069320679e-01
8.204368501901626587e-02
1.416915506124496460e-01
1.132596805691719055e-01
4.931586235761642456e-02
5.591025948524475098e-01
3.020928502082824707e-01
9.340078234672546387e-01
5.640149712562561035e-01
1.128572523593902588e-01
6.367847323417663574e-01
8.666006475687026978e-02
4.500638693571090698e-02
6.743592768907546997e-02
4.882674291729927063e-02
5.408010445535182953e-03
3.894924186170101166e-03
2.613452672958374023e-01
2.645406126976013184e-01
1.009238883852958679e-01
2.903792820870876312e-02
6.578841805458068848e-02
1.665967106819152832e-01
3.060754239559173584e-01
6.854690313339233398e-01
2.737129479646682739e-02
2.811490297317504883e-01
9.553965181112289429e-03
2.701236903667449951e-01
3.355088084936141968e-02
2.264613471925258636e-02
9.580910205841064453e-01
2.003955394029617310e-01
2.996929287910461426e-01
1.072143092751502991e-01
1.199043728411197662e-02
7.906823419034481049e-03
1.660509407520294189e-02
3.873622417449951172e-01
9.069740772247314453e-02
4.473894461989402771e-02
6.909818649291992188e-01
2.344719171524047852e-01
1.088617835193872452e-02
1.690658330917358398e-01
3.775601685047149658e-01
6.988891959190368652e-02
5.630193948745727539e-01
1.025921776890754700e-01
3.225967586040496826e-01
1.432366669178009033e-02
5.164572503417730331e-03
6.418231725692749023e-01
3.017501533031463623e-02
3.953314572572708130e-02
2.957637235522270203e-02
6.661299616098403931e-02
3.351251184940338135e-01
2.351525984704494476e-02
6.301074475049972534e-02
1.387885212898254395e-02
5.406783223152160645e-01
2.262375131249427795e-02
1.809965260326862335e-02
4.068329930305480957e-01
3.270378708839416504e-01
6.447089314460754395e-01
3.344326838850975037e-02
1.024908497929573059e-01
1.558784097433090210e-01
3.573383390903472900e-01
8.914122730493545532e-02
2.220621109008789062e-01
1.967344880104064941e-01
5.623483285307884216e-02
5.503121018409729004e-02
2.248537261039018631e-03
3.890276849269866943e-01
2.634196579456329346e-01
3.497467143461108208e-03
2.286450415849685669e-01
1.698859035968780518e-01
5.504704895429313183e-04
2.627094686031341553e-01
5.709244608879089355e-01
8.135636895895004272e-02
7.791069149971008301e-02
4.530499577522277832e-01
9.419722482562065125e-03
2.147465245798230171e-03
4.606668651103973389e-02
1.013290509581565857e-01
1.520833224058151245e-01
5.560459494590759277e-01
2.386236935853958130e-02
6.047585010528564453e-01
3.497241139411926270e-01
1.093157678842544556e-01
3.759630918502807617e-01
1.380056440830230713e-01
6.220782920718193054e-02
3.373115062713623047e-01
4.674077332019805908e-01
4.935803636908531189e-02
2.605016827583312988e-01
8.135811984539031982e-02
4.673140496015548706e-02
2.566583454608917236e-01
6.850955635309219360e-02
1.280988007783889771e-01
1.833430528640747070e-01
1.171960588544607162e-02
8.754247426986694336e-01
9.488003700971603394e-02
2.179909870028495789e-02
9.426478296518325806e-02
4.579796921461820602e-03
3.295395895838737488e-02
4.208146035671234131e-02
4.262960553169250488e-01
5.161597579717636108e-02
3.758765384554862976e-02
1.562881469726562500e-02
3.413654267787933350e-01
1.017739474773406982e-01
7.039305288344621658e-03
1.087269410490989685e-01
1.878009438514709473e-01
5.703441333025693893e-03
9.022244485095143318e-04
7.903872430324554443e-02
1.609773337841033936e-01
1.873888261616230011e-02
5.235145092010498047e-01
1.149989217519760132e-01
1.747812703251838684e-02
3.913300633430480957e-01
2.869308181107044220e-02
2.606662511825561523e-01
1.421688795089721680e-01
4.813951998949050903e-02
4.187201559543609619e-01
9.430263191461563110e-02
5.804117023944854736e-02
6.843190640211105347e-02
1.901358366012573242e-01
5.435253679752349854e-02
1.406374573707580566e-01
2.830809168517589569e-02
9.297394193708896637e-03
1.210467368364334106e-01
3.608835488557815552e-02
1.834107488393783569e-01
8.906750082969665527e-01
2.415748313069343567e-02
5.541176721453666687e-02
8.113495074212551117e-03
5.941252782940864563e-02
8.546199649572372437e-02
3.996558189392089844e-01
2.266445904970169067e-01
9.603939950466156006e-02
1.521330326795578003e-01
5.925623234361410141e-03
5.015414357185363770e-01
1.282991319894790649e-01
1.736458539962768555e-01
2.749184668064117432e-01
3.203904032707214355e-01
5.600187461823225021e-03
1.069357916712760925e-01
5.529842972755432129e-01
2.392279654741287231e-01
1.771161109209060669e-01
4.636324010789394379e-03
4.917921498417854309e-03
5.223366022109985352e-01
2.657612971961498260e-02
2.048845440149307251e-01
1.439274400472640991e-01
8.555172011256217957e-03
4.937503039836883545e-01
6.308425217866897583e-02
4.233959913253784180e-01
2.803905401378870010e-03
1.478697825223207474e-02
2.229345291852951050e-01
2.486676210537552834e-03
1.506410539150238037e-01
1.123672127723693848e-01
9.589958935976028442e-03
1.441122684627771378e-02
9.025549516081809998e-03
1.281571108847856522e-02
9.027966856956481934e-02
9.916334412992000580e-03
2.261371016502380371e-01
1.261810399591922760e-02
8.479014784097671509e-02
2.289837459102272987e-03
2.602241337299346924e-01
1.705387532711029053e-01
3.310247848276048899e-04
2.033472508192062378e-01
7.483031949959695339e-04
5.173701792955398560e-02
3.600958585739135742e-01
1.791009455919265747e-01
3.033146262168884277e-01
2.440230548381805420e-01
4.362607300281524658e-01
1.442968379706144333e-03
4.940862953662872314e-02
1.125663146376609802e-01
2.153981029987335205e-01
4.834932684898376465e-01
4.709863290190696716e-02
1.003215909004211426e-01
1.576909422874450684e-02
6.482339650392532349e-02
7.096073776483535767e-02
8.653732948005199432e-03
1.537328660488128662e-01
2.099394202232360840e-01
1.105692237615585327e-01
2.986044883728027344e-01
4.807613417506217957e-02
3.578991293907165527e-01
1.182775292545557022e-02
6.187441349029541016e-01
9.523583948612213135e-02
2.855561077594757080e-01
4.315921664237976074e-02
1.077680811285972595e-01
5.918271373957395554e-03
5.061686635017395020e-01
5.377316474914550781e-02
5.298365373164415359e-03
1.516389995813369751e-01
1.498783677816390991e-01
1.877477765083312988e-02
7.763175666332244873e-02
5.322706103324890137e-01
2.312335884198546410e-03
1.403195201419293880e-03
5.492029190063476562e-01
1.053866930305957794e-02
1.614004075527191162e-01
3.108676075935363770e-01
1.226582657545804977e-02
4.200671911239624023e-01
7.048750761896371841e-03
6.021361351013183594e-01
2.033451758325099945e-02
3.915989100933074951e-01
2.032954394817352295e-01
7.745440602302551270e-01
4.315748438239097595e-02
1.794832795858383179e-01
1.955636963248252869e-02
2.206697016954421997e-01
9.392298012971878052e-02
1.442039385437965393e-02
2.288724780082702637e-01
9.342062287032604218e-03
4.768114387989044189e-01
3.799254000186920166e-01
7.179657369852066040e-02
1.446543484926223755e-01
1.172453314065933228e-01
9.243653714656829834e-02
7.978726625442504883e-01
4.542598873376846313e-02
1.153871491551399231e-01
4.474537372589111328e-01
3.941694647073745728e-02
4.936911165714263916e-02
1.605641692876815796e-01
3.933591842651367188e-01
4.761582240462303162e-02
1.684228777885437012e-01
1.053170636296272278e-01
1.531418226659297943e-02
1.435074955224990845e-01
4.334780201315879822e-02
3.608364984393119812e-02
1.471591461449861526e-02
1.259116834262385964e-04
2.636181414127349854e-01
1.831632405519485474e-01
2.073869109153747559e-02
2.132019586861133575e-02
3.538615703582763672e-01
3.915068209171295166e-01
5.891423225402832031e-01
2.079672068357467651e-01
3.852874785661697388e-02
1.987198553979396820e-02
2.879598438739776611e-01
3.154374659061431885e-01
1.924492046236991882e-02
2.540191262960433960e-02
7.056464999914169312e-02
2.246132642030715942e-01
2.989434450864791870e-02
1.561586707830429077e-01
1.484301537275314331e-01
1.619791798293590546e-02
1.174274086952209473e-02
1.531315594911575317e-01
1.684253215789794922e-01
6.609904766082763672e-01
8.309689760208129883e-01
4.777856171131134033e-02
2.525619864463806152e-01
1.888016015291213989e-01
4.025382101535797119e-01
2.370429933071136475e-01
3.644597232341766357e-01
7.520739436149597168e-01
2.582056224346160889e-01
5.462841987609863281e-01
3.389605879783630371e-01
5.266227945685386658e-02
6.786733865737915039e-02
6.550637073814868927e-03
8.459284156560897827e-02
5.947117507457733154e-02
3.272090852260589600e-01
3.343798220157623291e-01
8.979706466197967529e-02
1.210585385560989380e-01
7.220952957868576050e-02
6.698098033666610718e-02
2.988728582859039307e-01
1.226691678166389465e-01
1.035053730010986328e-01
1.856412589550018311e-01
8.615079522132873535e-02
6.021884083747863770e-02
4.703222960233688354e-02
2.322409600019454956e-01
1.749335825443267822e-01
2.680263519287109375e-01
2.525452673435211182e-01
3.415517807006835938e-01
8.880971670150756836e-01
6.248978972434997559e-01
2.888766825199127197e-01
1.554658561944961548e-01
1.736907847225666046e-02
1.759333349764347076e-02
3.921037912368774414e-01
2.978752851486206055e-01
9.495398961007595062e-03
1.450751572847366333e-01
1.151148602366447449e-01
2.829566225409507751e-02
2.364965379238128662e-01
2.653855979442596436e-01
1.106351241469383240e-01
3.868411853909492493e-02
7.004759460687637329e-02
5.200235843658447266e-01
4.935590624809265137e-01
3.867257237434387207e-01
4.692814871668815613e-02
1.793173025362193584e-03
9.643255174160003662e-02
6.365644931793212891e-02
6.227300167083740234e-01
2.132153324782848358e-02
1.080552581697702408e-02
1.945002675056457520e-01
4.303103387355804443e-01
7.603552341461181641e-01
1.163437217473983765e-01
1.608655788004398346e-02
3.395704030990600586e-01
6.184945628046989441e-02
9.847413003444671631e-02
8.323998772539198399e-04
1.393172293901443481e-01
2.826533047482371330e-03
1.320118736475706100e-02
6.450796965509653091e-03
6.152818799018859863e-01
4.108205810189247131e-02
9.411678649485111237e-03
2.442835271358489990e-02
1.744301617145538330e-01
3.029951155185699463e-01
1.899591530673205853e-03
1.280611306428909302e-01
8.831910043954849243e-02
5.163205862045288086e-01
2.585725672543048859e-02
2.587350904941558838e-01
1.840033382177352905e-02
6.530949380248785019e-03
9.417045861482620239e-02
7.251145690679550171e-02
1.042531430721282959e-01
1.372755616903305054e-01
5.203667879104614258e-01
3.123813867568969727e-01
1.518994271755218506e-01
4.647719208151102066e-03
3.302017226815223694e-02
1.040361449122428894e-01
6.214229464530944824e-01
1.740160733461380005e-01
2.600378692150115967e-01
2.222300171852111816e-01
9.076305432245135307e-04
1.549967913888394833e-03
1.860863864421844482e-01
1.244503557682037354e-01
2.814897522330284119e-02
2.333213388919830322e-01
2.834030687808990479e-01
1.003353390842676163e-03
5.331847071647644043e-02
2.520579695701599121e-01
5.889469012618064880e-02
2.606529891490936279e-01
4.294250905513763428e-01
1.014141459017992020e-02
4.449667930603027344e-01
9.099282324314117432e-03
4.936145618557929993e-02
1.927267760038375854e-01
3.312278911471366882e-02
2.729194797575473785e-02
1.389600038528442383e-01
1.848558634519577026e-01
1.036309748888015747e-01
3.828121423721313477e-01
3.951090872287750244e-01
5.279835313558578491e-02
6.384205222129821777e-01
1.688176989555358887e-01
5.670651197433471680e-01
6.935290992259979248e-02
2.072493880987167358e-01
4.471247084438800812e-03
9.257749319076538086e-01
1.582163423299789429e-01
7.113074064254760742e-01
1.624508295208215714e-03
5.712180864065885544e-03
1.296914219856262207e-01
1.690973937511444092e-01
3.520417585968971252e-02
4.188964962959289551e-01
1.193114370107650757e-01
5.587871670722961426e-01
4.807922523468732834e-03
8.744098246097564697e-02
1.573412269353866577e-01
6.692858785390853882e-02
3.849479556083679199e-01
5.665558576583862305e-02
5.533172748982906342e-03
1.572126597166061401e-01
8.163154125213623047e-01
1.979828774929046631e-01
4.418989643454551697e-02
6.453392654657363892e-02
4.932681564241647720e-03
1.565115898847579956e-01
9.351246803998947144e-02
1.432549804449081421e-01
5.982194095849990845e-02
1.702682077884674072e-01
3.782790154218673706e-02
6.185301393270492554e-02
1.708305329084396362e-01
4.516358673572540283e-01
2.652499377727508545e-01
1.033567171543836594e-02
2.657362520694732666e-01
1.055857092142105103e-01
1.612166017293930054e-01
5.533928517252206802e-03
7.245415449142456055e-02
7.356307003647089005e-03
3.907260950654745102e-03
3.315504789352416992e-01
1.136821359395980835e-01
2.649161219596862793e-02
4.108100235462188721e-01
2.050044089555740356e-01
3.524672612547874451e-02
8.482079952955245972e-02
9.635145217180252075e-02
6.980121135711669922e-02
1.842648722231388092e-02
3.966600447893142700e-02
1.575549393892288208e-01
3.555717766284942627e-01
6.910476684570312500e-01
8.416141569614410400e-02
1.709476928226649761e-03
2.343793213367462158e-01
4.798925220966339111e-01
1.308965086936950684e-01
9.164673686027526855e-01
2.038923092186450958e-02
1.778609817847609520e-03
6.360594630241394043e-01
4.405294358730316162e-01
4.603352248668670654e-01
1.456291973590850830e-02
2.339238375425338745e-01
1.504648476839065552e-01
4.431358277797698975e-01
4.031970165669918060e-03
7.034847047179937363e-03
4.433311894536018372e-02
2.516078948974609375e-01
2.850343286991119385e-01
2.965263463556766510e-02
8.198703825473785400e-02
2.640519440174102783e-01
2.422004006803035736e-02
2.851500809192657471e-01
2.695340216159820557e-01
1.194249391555786133e-01
5.882527679204940796e-02
1.114947069436311722e-02
3.344564884901046753e-02
9.457882493734359741e-02
2.332320958375930786e-01
7.369074225425720215e-02
4.526799917221069336e-01
4.603270441293716431e-02
9.045337885618209839e-02
5.218533799052238464e-03
3.887553466483950615e-03
4.512434303760528564e-01
6.554932892322540283e-02
5.954920314252376556e-03
3.087552078068256378e-02
1.247922480106353760e-01
9.802020154893398285e-03
9.760815650224685669e-02
4.562279284000396729e-01
3.634745627641677856e-02
9.161537513136863708e-03
1.759108528494834900e-02
4.185268282890319824e-01
3.278331458568572998e-01
4.233415722846984863e-01
2.293421179056167603e-01
1.541151404380798340e-01
2.523739077150821686e-02
4.574676603078842163e-02
1.095174998044967651e-02
5.921643227338790894e-02
2.720496356487274170e-01
9.914500266313552856e-02
1.453485935926437378e-01
5.537161231040954590e-01
2.511440813541412354e-01
3.073277883231639862e-02
3.316911682486534119e-02
1.162067502737045288e-01
3.519275784492492676e-01
1.075621470808982849e-01
1.732790656387805939e-02
3.104040026664733887e-01
6.603475213050842285e-01
3.748421790078282356e-03
5.706701055169105530e-02
2.466137055307626724e-03
2.615717053413391113e-01
1.596396788954734802e-02
3.529421985149383545e-01
2.477994859218597412e-01
2.974258959293365479e-01
4.925638139247894287e-01
1.977446377277374268e-01
3.165484592318534851e-02
6.336849331855773926e-01
5.998446345329284668e-01
1.282756924629211426e-01
3.742991760373115540e-02
2.463300824165344238e-01
2.415955662727355957e-01
2.013780325651168823e-01
9.502538479864597321e-03
3.624230623245239258e-01
1.361235529184341431e-01
1.072507351636886597e-01
3.870931863784790039e-01
6.626043468713760376e-02
1.034559123218059540e-02
5.247032642364501953e-01
2.090312093496322632e-01
4.252278208732604980e-01
8.523181825876235962e-02
7.289844006299972534e-02
1.346372161060571671e-02
4.689791426062583923e-02
2.082656621932983398e-01
1.175467856228351593e-02
1.972468569874763489e-02
1.258346289396286011e-01
1.035488117486238480e-02
1.957133561372756958e-01
9.144210070371627808e-02
3.281367719173431396e-01
5.865816492587327957e-03
1.533946394920349121e-01
3.554830700159072876e-02
1.863627284765243530e-01
2.431453019380569458e-02
2.773580551147460938e-01
1.652641035616397858e-02
4.346302151679992676e-01
4.444174766540527344e-01
5.271208882331848145e-01
6.120936200022697449e-02
7.751103490591049194e-02
3.405821695923805237e-02
2.685983479022979736e-01
3.706583520397543907e-03
5.071221385151147842e-03
1.771996030583977699e-03
9.942268580198287964e-02
1.976021192967891693e-02
6.285944953560829163e-03
7.921309210360050201e-03
2.702271640300750732e-01
2.944209985435009003e-02
4.880575835704803467e-01
1.381638199090957642e-01
2.423779852688312531e-02
8.394936472177505493e-02
4.019717872142791748e-02
4.277457296848297119e-02
3.231662884354591370e-02
6.159883923828601837e-03
3.090039826929569244e-02
3.681427100673317909e-03
2.215157151222229004e-01
5.005823969841003418e-01
6.366010308265686035e-01
2.183389477431774139e-02
5.127787124365568161e-03
4.818256571888923645e-02
3.914499878883361816e-01
3.768374770879745483e-02
3.787831068038940430e-01
8.912702649831771851e-02
1.384859681129455566e-01
3.120515346527099609e-01
3.520287573337554932e-01
2.402668297290802002e-01
1.367264389991760254e-01
4.649044573307037354e-02
3.547073304653167725e-01
1.034937500953674316e-01
2.643581330776214600e-01
1.190006583929061890e-01
1.473198533058166504e-01
9.010288119316101074e-02
7.392062107101082802e-04
3.860072046518325806e-02
2.732014842331409454e-02
7.535845506936311722e-03
2.397276833653450012e-02
3.027362003922462463e-02
5.151553750038146973e-01
9.338534623384475708e-02
1.262642908841371536e-02
4.217663109302520752e-01
2.743110060691833496e-01
5.513879656791687012e-01
3.605398535728454590e-02
1.287456788122653961e-02
2.564796507358551025e-01
6.720477249473333359e-03
2.804978787899017334e-01
3.528016507625579834e-01
5.020598769187927246e-01
1.073068976402282715e-01
2.135037258267402649e-02
7.358866184949874878e-02
4.286291599273681641e-01
3.839519023895263672e-01
3.101297020912170410e-01
9.824091941118240356e-02
8.392878808081150055e-03
2.994061633944511414e-02
3.452281355857849121e-01
3.303076839074492455e-03
1.053446903824806213e-01
1.027761492878198624e-02
4.487563669681549072e-01
1.016790419816970825e-01
5.550211071968078613e-01
8.848094730637967587e-04
1.136840432882308960e-01
3.124509751796722412e-01
2.367370203137397766e-02
1.539331674575805664e-01
4.389095902442932129e-01
2.579352445900440216e-02
2.749930508434772491e-02
3.713386058807373047e-01
2.477033995091915131e-02
2.532831160351634026e-03
4.294459521770477295e-02
6.063277721405029297e-01
3.048228286206722260e-02
7.103848457336425781e-02
2.300954461097717285e-01
1.721142232418060303e-02
9.480598382651805878e-03
2.163655497133731842e-02
1.266601830720901489e-01
4.599984362721443176e-02
4.200185835361480713e-02
5.637015774846076965e-02
3.465081751346588135e-01
6.197717413306236267e-02
1.207430288195610046e-01
2.891319617629051208e-02
2.218778282403945923e-01
3.874205425381660461e-02
1.356184389442205429e-02
3.532747626304626465e-01
3.136727213859558105e-02
1.416874378919601440e-01
3.620536923408508301e-01
3.135735988616943359e-01
4.910686016082763672e-01
1.347461193799972534e-01
8.168818801641464233e-02
6.410011649131774902e-01
1.312249600887298584e-01
6.049753865227103233e-04
5.243221670389175415e-02
2.369262874126434326e-01
1.989807635545730591e-01
2.589968144893646240e-01
2.185643017292022705e-01
5.781601369380950928e-02
2.158571034669876099e-01
3.085834681987762451e-01
1.060896832495927811e-02
2.703432366251945496e-02
4.523272067308425903e-02
1.373664196580648422e-02
1.994974762201309204e-01
6.166788935661315918e-02
5.675433948636054993e-02
2.908289432525634766e-01
5.377823859453201294e-02
2.620338499546051025e-01
1.204064930789172649e-03
1.948869042098522186e-02
6.035732030868530273e-01
5.355342030525207520e-01
3.005493283271789551e-01
4.950367379933595657e-03
2.961394004523754120e-02
5.041781663894653320e-01
4.793227910995483398e-01
6.067636609077453613e-01
5.602586865425109863e-01
5.951414704322814941e-01
2.189018577337265015e-01
2.419146597385406494e-01
1.308082789182662964e-01
2.413826137781143188e-01
4.581964015960693359e-02
1.601617783308029175e-01
5.833913385868072510e-02
1.923359581269323826e-03
3.192237764596939087e-02
6.754970643669366837e-03
2.673327364027500153e-02
2.378544770181179047e-03
6.864937394857406616e-02
1.299130916595458984e-01
3.397167026996612549e-01
3.469162881374359131e-01
3.176379203796386719e-01
1.884116791188716888e-02
1.395920850336551666e-02
2.347707301378250122e-01
2.033011466264724731e-01
2.363100647926330566e-01
1.302445083856582642e-01
3.795565664768218994e-02
5.156223773956298828e-01
1.191750392317771912e-01
9.536908566951751709e-02
8.207935839891433716e-02
2.997381798923015594e-02
3.480486273765563965e-01
3.606764674186706543e-01
8.924510478973388672e-01
1.131023932248353958e-02
4.444706439971923828e-02
5.000503733754158020e-02
4.233306050300598145e-01
4.768890738487243652e-01
3.482907265424728394e-02
7.981989532709121704e-03
2.138722389936447144e-01
3.565129935741424561e-01
2.552218176424503326e-02
1.369272768497467041e-01
3.455980122089385986e-02
3.101249458268284798e-04
2.429815977811813354e-01
4.965119808912277222e-02
3.890200285241007805e-03
6.162601639516651630e-04
2.810639739036560059e-01
3.276427835226058960e-02
6.674219667911529541e-02
1.256326586008071899e-01
4.123586714267730713e-01
1.013942733407020569e-01
4.810715466737747192e-02
6.161267757415771484e-01
3.526353836059570312e-01
2.365346811711788177e-02
2.264901101589202881e-01
2.520177140831947327e-02
3.091950118541717529e-01
1.450625211000442505e-01
1.805961728096008301e-01
5.217407345771789551e-01
1.423474252223968506e-01
1.444625016301870346e-02
2.293417900800704956e-01
6.077350676059722900e-02
2.004028558731079102e-01
1.527608335018157959e-01
1.592550426721572876e-01
3.288273215293884277e-01
6.691402941942214966e-02
4.094913601875305176e-01
2.053940594196319580e-01
2.608001232147216797e-01
1.510249567218124866e-03
3.966952860355377197e-02
1.041583623737096786e-02
3.719285875558853149e-02
3.759098947048187256e-01
9.015657007694244385e-02
3.701508045196533203e-02
3.975652158260345459e-02
5.761498212814331055e-01
2.413967251777648926e-01
3.013034462928771973e-01
4.897702950984239578e-03
4.147433340549468994e-01
2.695469260215759277e-01
1.483896747231483459e-02
2.885179519653320312e-01
2.560385763645172119e-01
2.756368815898895264e-01
1.301840394735336304e-01
5.535916686058044434e-01
6.192291975021362305e-01
1.130944788455963135e-01
4.484487290028482676e-04
1.523857563734054565e-01
2.611901164054870605e-01
3.250338733196258545e-01
1.380891725420951843e-02
8.568845987319946289e-01
8.720941841602325439e-02
1.632106751203536987e-01
3.221830427646636963e-01
7.597404718399047852e-01
2.629679441452026367e-02
3.159744665026664734e-04
8.971154689788818359e-02
3.017386198043823242e-01
1.514232307672500610e-01
6.451533734798431396e-02
3.566164374351501465e-01
1.284278333187103271e-01
2.174289822578430176e-01
4.573509991168975830e-01
4.961291253566741943e-01
9.604659676551818848e-02
3.943125009536743164e-01
2.151161246001720428e-02
5.419844295829534531e-03
8.904547095298767090e-01
3.717761021107435226e-03
1.318109184503555298e-01
1.352111399173736572e-01
1.550469547510147095e-01
3.997271880507469177e-03
1.112227663397789001e-01
1.595562547445297241e-01
1.124075055122375488e-02
4.725698530673980713e-01
3.515403717756271362e-02
1.733461618423461914e-01
8.938749320805072784e-03
4.097050055861473083e-02
3.957332372665405273e-01
4.018475711345672607e-01
4.191952347755432129e-01
5.987380072474479675e-02
4.597374498844146729e-01
1.133155748248100281e-01
1.641001668758690357e-03
4.731443151831626892e-02
2.752906382083892822e-01
3.412300944328308105e-01
4.937652498483657837e-02
1.409826148301362991e-02
3.660665154457092285e-01
8.128104358911514282e-02
8.510184474289417267e-03
3.260763883590698242e-01
5.587318539619445801e-02
4.854765832424163818e-01
4.803576041013002396e-03
3.656078875064849854e-02
4.915373399853706360e-03
3.093416430056095123e-02
4.375027120113372803e-01
3.557776510715484619e-01
8.863665163516998291e-02
6.129993591457605362e-03
9.021127969026565552e-02
1.939686015248298645e-02
5.004212260246276855e-02
8.349166065454483032e-02
2.516861259937286377e-01
8.420509696006774902e-01
1.055321767926216125e-01
1.690407395362854004e-01
1.888148859143257141e-02
1.796163991093635559e-02
3.710319474339485168e-02
3.640639409422874451e-02
1.275078114122152328e-02
5.791288241744041443e-02
1.596685126423835754e-02
2.296149730682373047e-01
1.223344728350639343e-02
4.450823962688446045e-01
1.933572441339492798e-01
3.141750395298004150e-01
7.693972438573837280e-02
1.161801815032958984e-01
2.592718005180358887e-01
4.074510559439659119e-02
1.846112757921218872e-01
3.792074322700500488e-01
5.912341549992561340e-02
8.362351357936859131e-02
1.239950656890869141e-01
7.375042419880628586e-03
1.183587387204170227e-01
7.063107192516326904e-02
3.154078125953674316e-02
2.415968030691146851e-01
3.375066518783569336e-01
5.514296516776084900e-02
8.364727497100830078e-01
1.031166524626314640e-03
3.173674270510673523e-02
3.640197515487670898e-01
4.484776556491851807e-01
7.925064116716384888e-02
9.227233380079269409e-02
1.845823228359222412e-02
1.390880346298217773e-01
3.791488111019134521e-01
8.567430078983306885e-02
3.655584752559661865e-01
7.648111879825592041e-02
6.705987732857465744e-03
2.492323070764541626e-01
4.468698799610137939e-02
6.863350421190261841e-02
3.193188011646270752e-01
6.564371585845947266e-01
6.785464286804199219e-02
5.577211380004882812e-01
8.931703865528106689e-02
4.553203471004962921e-03
9.938327968120574951e-02
1.318445056676864624e-01
1.791600435972213745e-01
3.478359580039978027e-01
1.359141711145639420e-02
1.283261477947235107e-01
9.604879468679428101e-02
8.879341930150985718e-02
2.169817388057708740e-01
5.130778253078460693e-02
5.457948893308639526e-02
5.323768258094787598e-01
1.597828790545463562e-02
7.527116686105728149e-02
5.091985687613487244e-03
1.222958639264106750e-01
5.717606842517852783e-02
3.743503987789154053e-01
2.187839895486831665e-01
2.588355541229248047e-02
7.670053094625473022e-02
2.779067456722259521e-01
4.241901636123657227e-01
1.583141833543777466e-01
1.382029354572296143e-01
1.605282425880432129e-01
3.671681582927703857e-01
1.405754499137401581e-02
3.488946259021759033e-01
2.325296998023986816e-01
4.217730462551116943e-01
1.021454390138387680e-02
2.400473207235336304e-01
2.124117873609066010e-02
1.474250704050064087e-01
5.231534838676452637e-01
4.635011404752731323e-02
1.935430616140365601e-02
4.581219330430030823e-02
3.856092095375061035e-01
2.370014786720275879e-03
3.357596397399902344e-01
6.537557393312454224e-02
1.270373612642288208e-01
1.674968451261520386e-01
1.344790565781295300e-03
4.419058263301849365e-01
6.936513185501098633e-01
2.890500128269195557e-01
9.076421707868576050e-02
5.067781805992126465e-01
5.927962660789489746e-01
8.827217668294906616e-02
2.321140142157673836e-03
2.128715813159942627e-02
1.878997087478637695e-01
1.288196444511413574e-01
9.289799490943551064e-04
7.700437679886817932e-03
1.466679759323596954e-02
1.173223629593849182e-01
1.966043934226036072e-02
4.482853710651397705e-01
4.151377826929092407e-03
6.630469858646392822e-02
7.857646942138671875e-01
1.227845065295696259e-02
4.453785419464111328e-01
7.253930568695068359e-01
7.372897267341613770e-01
1.248897314071655273e-01
2.695981860160827637e-01
5.491063594818115234e-01
1.258775442838668823e-01
4.371177256107330322e-01
2.644948363304138184e-01
1.807787828147411346e-02
7.348240166902542114e-02
3.721347451210021973e-01
2.591235795989632607e-03
4.118492603302001953e-01
3.758681192994117737e-02
2.035538256168365479e-01
4.453027248382568359e-02
7.463337182998657227e-01
1.575126349925994873e-01
6.086491793394088745e-02
4.170510470867156982e-01
2.126263231039047241e-01
8.757374435663223267e-02
2.892117500305175781e-01
2.206489443778991699e-01
5.954052880406379700e-02
2.287164926528930664e-01
2.923174202442169189e-01
1.082426216453313828e-02
1.529421508312225342e-01
1.039577648043632507e-01
1.186639815568923950e-01
9.769906848669052124e-02
3.534701764583587646e-01
5.984503030776977539e-02
4.182893335819244385e-01
4.355671107769012451e-01
7.798931095749139786e-03
1.256565302610397339e-01
3.236549720168113708e-02
2.439137995243072510e-01
1.801250874996185303e-01
1.597721427679061890e-01
7.394387573003768921e-02
5.517492443323135376e-02
6.768970191478729248e-02
7.514444738626480103e-02
6.784340739250183105e-01
3.912272453308105469e-01
1.164069995284080505e-01
4.969961568713188171e-02
1.098207780160009861e-03
2.384149283170700073e-01
2.270857989788055420e-02
5.728752911090850830e-02
2.331781685352325439e-01
1.235555484890937805e-02
9.241549372673034668e-01
5.409965515136718750e-01
3.465373814105987549e-01
6.844249367713928223e-02
1.347748562693595886e-02
1.002134457230567932e-01
2.964070737361907959e-01
1.937563866376876831e-01
1.873558573424816132e-02
7.169447541236877441e-01
2.655114829540252686e-01
4.888480007648468018e-01
1.367978304624557495e-01
1.629950255155563354e-01
6.251405924558639526e-03
1.185312420129776001e-01
5.842120200395584106e-02
6.927308277226984501e-04
1.846619881689548492e-02
1.102713271975517273e-01
4.639075696468353271e-02
1.329393088817596436e-01
2.815287411212921143e-01
1.810419708490371704e-01
3.026733696460723877e-01
1.952827908098697662e-02
5.428361892700195312e-01
5.352748632431030273e-01
4.307784512639045715e-02
3.868859410285949707e-01
4.008144736289978027e-01
2.816748805344104767e-02
5.149651318788528442e-03
6.304907053709030151e-02
1.947443336248397827e-01
5.965450033545494080e-02
1.903703212738037109e-01
5.209249258041381836e-01
1.067691594362258911e-01
3.396396338939666748e-01
3.986880779266357422e-01
5.253434926271438599e-02
1.715949326753616333e-01
8.769467473030090332e-02
1.617234647274017334e-01
2.424720525741577148e-01
1.954628713428974152e-02
1.339650433510541916e-02
9.370828270912170410e-01
9.026037454605102539e-01
1.797358877956867218e-02
3.370391130447387695e-01
6.602957379072904587e-03
1.360407378524541855e-02
4.205641150474548340e-01
6.585296709090471268e-03
2.858636714518070221e-02
4.322832822799682617e-02
1.514734327793121338e-01
7.487230002880096436e-02
5.036036297678947449e-02
3.016376793384552002e-01
3.421514332294464111e-01
2.119583785533905029e-01
2.547547519207000732e-01
5.414756536483764648e-01
1.587157845497131348e-01
9.397775679826736450e-02
1.155676506459712982e-02
5.973168089985847473e-02
1.210922375321388245e-02
1.172395721077919006e-01
2.657945826649665833e-02
4.301666021347045898e-01
3.632652759552001953e-02
2.500980906188488007e-02
2.132161557674407959e-01
1.879479140043258667e-01
7.184001058340072632e-02
6.974861025810241699e-03
1.417519804090261459e-02
1.706159301102161407e-02
1.884477911517024040e-03
3.006286025047302246e-01
4.667412936687469482e-01
4.613481089472770691e-02
1.448778659105300903e-01
3.160631656646728516e-01
3.660775721073150635e-01
2.862719595432281494e-01
1.840901793912053108e-03
1.346859242767095566e-02
6.438841223716735840e-01
7.070913314819335938e-01
1.026103156618773937e-03
2.579797059297561646e-02
1.979471743106842041e-01
1.207849606871604919e-01
2.765528559684753418e-01
4.075073301792144775e-01
2.719504944980144501e-02
5.231111869215965271e-02
7.289089262485504150e-02
3.800809979438781738e-01
5.946138501167297363e-01
2.244630455970764160e-02
3.781712651252746582e-01
2.004945185035467148e-03
6.402215957641601562e-01
6.881466601043939590e-03
3.536770343780517578e-01
5.298801884055137634e-02
2.076859772205352783e-02
2.392614930868148804e-01
8.938863128423690796e-02
1.664710044860839844e-02
4.095467627048492432e-01
2.632633410394191742e-02
3.256423473358154297e-01
2.997473180294036865e-01
1.921475976705551147e-01
1.288887411355972290e-01
2.494247555732727051e-01
8.179508894681930542e-02
1.107872053980827332e-01
8.845731616020202637e-02
1.196632534265518188e-01
3.121654503047466278e-02
7.060366272926330566e-01
5.163951218128204346e-02
1.953768432140350342e-01
3.035978078842163086e-01
1.354041509330272675e-02
3.693542182445526123e-01
8.466811776161193848e-01
8.841319382190704346e-02
2.694816701114177704e-02
2.802991271018981934e-01
6.076501682400703430e-02
3.194284439086914062e-01
1.976816914975643158e-03
2.614548504352569580e-01
9.845229238271713257e-02
5.269888043403625488e-02
2.646456360816955566e-01
2.833614125847816467e-02
4.192515835165977478e-02
7.757115960121154785e-01
8.729998022317886353e-02
6.064926981925964355e-01
1.073449626564979553e-01
3.041109740734100342e-01
1.653043627738952637e-01
2.314944416284561157e-01
6.157466024160385132e-02
1.510800607502460480e-02
6.805585324764251709e-02
2.332624047994613647e-01
1.890980005264282227e-01
4.161355197429656982e-01
3.614678606390953064e-02
4.243579208850860596e-01
1.092840731143951416e-02
4.305474758148193359e-01
2.642848789691925049e-01
5.561433434486389160e-01
2.901495099067687988e-01
1.249497663229703903e-02
6.192665547132492065e-02
6.412420421838760376e-02
4.504545032978057861e-02
3.019191026687622070e-01
4.127326011657714844e-01
5.602439641952514648e-01
2.050586491823196411e-01
3.632272826507687569e-03
1.531667914241552353e-02
3.211160898208618164e-01
9.337906725704669952e-03
2.615150213241577148e-01
1.197669655084609985e-01
5.478103086352348328e-02
2.867256402969360352e-01
5.614950060844421387e-01
4.082894697785377502e-02
2.725499682128429413e-03
9.247162938117980957e-02
4.879938811063766479e-02
7.668557763099670410e-01
4.581374675035476685e-02
1.726347953081130981e-01
5.693377926945686340e-02
1.006939187645912170e-01
3.548938035964965820e-01
3.044042885303497314e-01
3.179673105478286743e-02
5.588177591562271118e-02
3.354550004005432129e-01
2.871601283550262451e-01
1.216612476855516434e-02
8.141773939132690430e-02
4.272557497024536133e-01
2.283718436956405640e-02
1.860052198171615601e-01
4.315237700939178467e-02
9.293394535779953003e-02
6.934545934200286865e-03
7.487066090106964111e-03
2.224964648485183716e-01
6.370165944099426270e-02
1.833086460828781128e-02
6.512516736984252930e-02
4.352465271949768066e-02
2.117609232664108276e-02
1.752681583166122437e-01
4.334440827369689941e-01
1.068504452705383301e-01
1.075374195352196693e-03
4.606044292449951172e-02
5.466724634170532227e-01
9.603902697563171387e-02
3.427826464176177979e-01
1.810089200735092163e-01
1.518605202436447144e-01
6.072483658790588379e-01
4.037716984748840332e-02
7.780652493238449097e-02
7.441065274178981781e-03
1.006236299872398376e-01
6.775241345167160034e-02
2.162190973758697510e-01
6.682039797306060791e-02
2.370884865522384644e-01
5.398885607719421387e-01
8.758744597434997559e-01
9.809093177318572998e-02
6.224347278475761414e-02
2.921071648597717285e-02
3.604477047920227051e-01
7.890255749225616455e-02
2.047349326312541962e-02
5.107581019401550293e-01
4.014918804168701172e-01
6.190721318125724792e-02
3.455364704132080078e-01
5.141951441764831543e-01
3.714496269822120667e-02
4.149254560470581055e-01
1.532644331455230713e-01
2.349609285593032837e-01
1.579135358333587646e-01
1.565556377172470093e-01
6.040300726890563965e-01
3.161556273698806763e-02
1.430733781307935715e-02
3.083565533161163330e-01
4.353672564029693604e-01
2.765377759933471680e-01
3.982467949390411377e-02
4.838663339614868164e-02
2.487788721919059753e-02
7.867850363254547119e-03
1.783480197191238403e-01
1.020810827612876892e-01
2.032414823770523071e-02
2.603778615593910217e-02
7.387115038000047207e-04
3.417940139770507812e-01
3.218649029731750488e-01
2.370701283216476440e-01
2.141768299043178558e-02
2.001259177923202515e-01
1.503377221524715424e-02
8.100656419992446899e-02
1.932126842439174652e-02
1.331214308738708496e-01
6.702810525894165039e-02
8.464399725198745728e-04
1.298652589321136475e-01
5.274639464914798737e-03
1.305491290986537933e-02
4.187989607453346252e-02
1.134761516004800797e-02
1.047400757670402527e-02
7.622013241052627563e-02
7.527154088020324707e-01
3.375882804393768311e-01
3.714634850621223450e-02
3.941127564758062363e-03
2.174651483073830605e-03
2.395023703575134277e-01
1.664517968893051147e-01
3.165683150291442871e-01
2.328044548630714417e-02
7.314906716346740723e-01
1.627402612939476967e-03
2.431837171316146851e-01
3.389183878898620605e-01
1.979884654283523560e-01
7.461664080619812012e-02
8.786796778440475464e-02
1.860409043729305267e-02
1.488409787416458130e-01
5.697005987167358398e-02
1.148176416754722595e-01
1.365215983241796494e-02
3.828045725822448730e-01
1.893036216497421265e-01
3.527545332908630371e-01
3.246054798364639282e-02
4.096513614058494568e-03
2.150364965200424194e-01
1.199353560805320740e-01
1.097834408283233643e-01
4.636054039001464844e-01
4.896909371018409729e-02
3.738645315170288086e-01
5.091441273689270020e-01
2.316558510065078735e-01
4.552023485302925110e-03
3.297990560531616211e-01
4.444978013634681702e-02
4.289425536990165710e-02
1.257758028805255890e-02
4.626524746417999268e-01
8.186968974769115448e-03
1.599537767469882965e-02
8.116787672042846680e-02
2.989846467971801758e-01
3.022453188896179199e-01
1.092283651232719421e-01
1.095838025212287903e-01
7.850812375545501709e-02
3.678424954414367676e-01
9.423052892088890076e-03
3.602224290370941162e-01
1.359744649380445480e-02
1.444978564977645874e-01
1.607001721858978271e-01
2.416511327028274536e-01
3.304805606603622437e-03
8.022070676088333130e-02
2.358157634735107422e-01
5.948192253708839417e-02
5.506734251976013184e-01
1.017098873853683472e-01
1.504360437393188477e-01
7.990742102265357971e-03
4.593789577484130859e-03
1.887496560811996460e-01
1.687359623610973358e-02
8.097844123840332031e-01
1.416667550802230835e-01
1.325583159923553467e-01
2.196379452943801880e-01
4.181146025657653809e-01
4.338972270488739014e-02
2.392108291387557983e-01
2.794707715511322021e-01
6.671009957790374756e-02
7.353633642196655273e-01
1.381057053804397583e-01
4.155292212963104248e-01
4.902735352516174316e-02
5.758705139160156250e-01
5.890674889087677002e-03
3.278883993625640869e-01
1.778872124850749969e-02
1.725206375122070312e-01
1.007285993546247482e-02
1.823356449604034424e-01
3.918133080005645752e-01
8.664534986019134521e-02
1.492425147444009781e-02
4.039875268936157227e-01
1.145936399698257446e-01
2.064736094325780869e-03
3.841729834675788879e-02
2.952778041362762451e-01
3.039932809770107269e-02
4.128099679946899414e-01
4.109397828578948975e-01
4.326738715171813965e-01
8.687532693147659302e-02
4.360821470618247986e-02
2.146596554666757584e-03
2.476705759763717651e-01
6.961450725793838501e-02
6.231183558702468872e-02
1.340612471103668213e-01
2.331209741532802582e-02
3.572697639465332031e-01
1.471353787928819656e-02
9.975115209817886353e-02
4.663466215133666992e-01
6.082008481025695801e-01
9.585366398096084595e-02
6.062409281730651855e-02
2.319643348455429077e-01
2.973631322383880615e-01
9.058747440576553345e-03
7.474272698163986206e-02
4.469118546694517136e-03
4.833848401904106140e-02
3.269117772579193115e-01
2.682615630328655243e-02
2.693212032318115234e-01
3.107452988624572754e-01
2.646992206573486328e-01
2.414255589246749878e-01
4.260558485984802246e-01
4.082668945193290710e-02
9.429701417684555054e-02
4.607995040714740753e-03
9.276215732097625732e-02
2.772437036037445068e-02
1.705842465162277222e-02
2.574990969151258469e-03
5.862542986869812012e-01
9.828455001115798950e-02
9.345600847154855728e-04
2.460090965032577515e-01
1.480910647660493851e-02
4.389596879482269287e-01
1.704540476202964783e-02
2.610065639019012451e-01
2.634916305541992188e-01
1.171393413096666336e-02
4.620693996548652649e-02
2.946229577064514160e-01
2.445915341377258301e-02
2.225676029920578003e-01
9.090194478631019592e-03
1.698393188416957855e-02
3.856565058231353760e-01
2.316857874393463135e-01
4.604909718036651611e-01
3.440502285957336426e-02
1.017309278249740601e-01
2.744131982326507568e-01
2.768742740154266357e-01
4.717811197042465210e-02
1.358166104182600975e-03
2.540371417999267578e-01
6.550324149429798126e-03
5.958099290728569031e-02
9.660557657480239868e-02
3.061879193410277367e-03
3.509424626827239990e-02
4.902800917625427246e-01
4.880504682660102844e-02
1.084370017051696777e-01
4.045320302248001099e-02
3.958782553672790527e-01
1.024583354592323303e-01
3.768515586853027344e-01
5.057640671730041504e-01
1.025785342790186405e-03
4.826694130897521973e-01
9.403129108250141144e-03
1.662026159465312958e-02
3.768952786922454834e-01
7.806398719549179077e-02
5.694441199302673340e-01
1.991900149732828140e-03
2.448020502924919128e-03
2.308201044797897339e-01
5.529299974441528320e-01
1.305193006992340088e-01
1.646671295166015625e-01
5.727072060108184814e-02
1.446870267391204834e-01
1.239522621035575867e-01
5.194686055183410645e-01
5.785471200942993164e-02
8.024821057915687561e-03
1.021095737814903259e-02
2.669366002082824707e-01
8.991170674562454224e-03
9.723640978336334229e-02
4.868875145912170410e-01
7.728923857212066650e-02
1.317841932177543640e-03
2.690459489822387695e-01
2.708873152732849121e-01
1.073617264628410339e-01
1.072540581226348877e-01
2.612726986408233643e-01
2.189461328089237213e-02
5.841421484947204590e-01
4.765365738421678543e-03
6.791227459907531738e-01
1.176942698657512665e-02
1.214870139956474304e-01
4.640463888645172119e-01
7.079458236694335938e-02
2.030420750379562378e-01
1.752739846706390381e-01
8.804553747177124023e-02
8.173587173223495483e-02
3.293501436710357666e-01
5.864218692295253277e-04
1.519210189580917358e-01
2.124480456113815308e-01
6.289853900671005249e-02
1.470889244228601456e-02
3.944334760308265686e-02
1.245591118931770325e-01
3.963106274604797363e-01
3.183804452419281006e-01
9.322938919067382812e-01
3.551306724548339844e-01
1.372497230768203735e-01
3.667623102664947510e-01
1.917949616909027100e-01
6.307680606842041016e-01
7.950847595930099487e-02
5.460749864578247070e-01
7.330332398414611816e-01
8.546685576438903809e-01
6.212979555130004883e-01
6.954262498766183853e-03
4.073077440261840820e-02
1.028937939554452896e-02
9.140360355377197266e-02
7.652835547924041748e-02
5.045045018196105957e-01
3.272507339715957642e-02
2.850649952888488770e-01
1.429705470800399780e-01
1.473836693912744522e-02
5.820149183273315430e-01
2.748514115810394287e-01
1.417778283357620239e-01
1.246756762266159058e-01
4.877528548240661621e-01
2.880810797214508057e-01
6.586989760398864746e-02
3.661557137966156006e-01
4.001292586326599121e-02
1.915978491306304932e-01
8.490274846553802490e-02
8.516503125429153442e-02
8.277931064367294312e-02
2.284931540489196777e-01
2.150996327400207520e-01
6.987788677215576172e-01
3.120470093563199043e-03
5.035621300339698792e-02
6.994576454162597656e-01
3.882789611816406250e-02
7.368440739810466766e-03
1.419735997915267944e-01
2.956465184688568115e-01
6.122540682554244995e-02
1.632649153470993042e-01
4.652339816093444824e-01
1.529668271541595459e-01
1.087462082505226135e-01
1.126505210995674133e-01
2.430389076471328735e-01
4.755979776382446289e-01
4.334748256951570511e-03
5.497612357139587402e-01
7.144159674644470215e-01
1.477824244648218155e-02
1.768600195646286011e-01
3.954899907112121582e-01
7.398926019668579102e-01
7.553933653980493546e-03
7.967224717140197754e-02
4.680857434868812561e-02
1.006139442324638367e-01
4.408783745020627975e-03
1.405469700694084167e-02
4.760070443153381348e-01
2.217669272795319557e-03
2.704643011093139648e-01
3.382932022213935852e-02
1.673187464475631714e-01
4.391759261488914490e-02
7.761557400226593018e-02
1.932748220860958099e-02
3.399795293807983398e-01
6.803265959024429321e-02
5.272452160716056824e-02
1.064303293824195862e-01
4.519980028271675110e-02
8.194168657064437866e-02
2.549068927764892578e-01
2.409794628620147705e-01
3.050343506038188934e-02
2.108651585876941681e-02
2.687161043286323547e-02
4.833799973130226135e-02
5.086512118577957153e-02
6.929912418127059937e-02
2.579165697097778320e-01
1.425941735506057739e-01
7.213416974991559982e-03
1.944700628519058228e-02
2.470849603414535522e-01
5.342589691281318665e-02
2.963901311159133911e-02
1.389229483902454376e-02
5.909811332821846008e-02
1.242196187376976013e-03
9.025336503982543945e-01
1.910695247352123260e-02
2.287063188850879669e-02
7.709519863128662109e-01
7.450088113546371460e-02
2.440800070762634277e-01
2.375022694468498230e-02
4.283328540623188019e-03
9.626396000385284424e-02
7.385669276118278503e-03
8.282904624938964844e-01
3.104100525379180908e-01
2.165911793708801270e-01
2.327500134706497192e-01
5.072457715868949890e-02
1.228537485003471375e-01
3.309685587882995605e-01
2.145583555102348328e-02
6.538383662700653076e-02
1.338189691305160522e-01
1.099569909274578094e-02
6.302199512720108032e-02
1.268223579972982407e-02
5.626981332898139954e-02
3.188807666301727295e-01
5.410675425082445145e-03
1.108650714159011841e-01
5.712066292762756348e-01
3.615830093622207642e-02
3.414222002029418945e-01
1.493600755929946899e-01
2.096321880817413330e-01
1.679379194974899292e-01
1.116764172911643982e-01
2.186215668916702271e-01
6.232987344264984131e-02
2.526930868625640869e-01
1.995908915996551514e-01
1.085389498621225357e-02
1.800729893147945404e-02
4.557952880859375000e-01
4.332626163959503174e-01
1.348362304270267487e-03
4.046107828617095947e-02
3.485828172415494919e-03
6.386646628379821777e-02
8.061978965997695923e-02
4.023342728614807129e-01
3.121838904917240143e-02
3.561829924583435059e-01
6.995335221290588379e-02
1.275772787630558014e-02
2.286557853221893311e-01
7.677361369132995605e-02
1.273031085729598999e-01
3.025488257408142090e-01
1.782361865043640137e-01
1.080160886049270630e-01
1.881818920373916626e-01
7.086979458108544350e-04
1.527965720742940903e-02
1.956216692924499512e-01
3.415952622890472412e-02
5.582108628004789352e-03
1.915222853422164917e-01
7.598248869180679321e-02
3.880476057529449463e-01
4.630120471119880676e-02
1.855456270277500153e-02
9.547502547502517700e-02
9.670823067426681519e-02
3.648850321769714355e-02
1.601711511611938477e-01
3.622677177190780640e-04
4.999327659606933594e-02
8.506323210895061493e-03
1.820963919162750244e-01
2.215143740177154541e-01
1.567712984979152679e-02
2.313090674579143524e-02
7.688719034194946289e-02
1.041660904884338379e-01
4.312440752983093262e-01
8.574638515710830688e-03
3.791777882725000381e-03
1.125870868563652039e-01
1.467101573944091797e-01
1.016731634736061096e-01
5.676881074905395508e-01
1.738094910979270935e-02
3.000256717205047607e-01
3.826683387160301208e-02
2.222077175974845886e-02
3.598735034465789795e-01
1.373175531625747681e-01
1.203351393342018127e-01
4.094729572534561157e-02
3.499247729778289795e-01
6.721843499690294266e-03
5.615351796150207520e-01
5.883480887860059738e-03
4.607453346252441406e-01
6.540922820568084717e-02
4.102429747581481934e-01
4.865433871746063232e-01
4.265083968639373779e-01
1.812505871057510376e-01
1.843780726194381714e-01
3.021607697010040283e-01
2.935068905353546143e-01
1.540844049304723740e-02
1.808030903339385986e-01
3.317539095878601074e-01
1.990510523319244385e-02
1.859847083687782288e-02
7.755224406719207764e-02
1.596335135400295258e-02
5.180677026510238647e-02
4.615766704082489014e-01
1.354377120733261108e-01
2.936872839927673340e-01
3.459640741348266602e-01
2.150789462029933929e-02
8.788627386093139648e-01
3.209422528743743896e-01
1.827850490808486938e-01
3.781651556491851807e-01
4.891160875558853149e-02
1.021741032600402832e-01
9.083370566368103027e-01
2.867525815963745117e-02
5.465425252914428711e-01
8.353150635957717896e-02
2.972289323806762695e-01
1.350224614143371582e-01
1.788254231214523315e-01
9.344429522752761841e-02
1.832768693566322327e-02
5.001440644264221191e-02
5.118398694321513176e-04
2.744659408926963806e-02
2.660354077816009521e-01
1.674400456249713898e-02
4.021169543266296387e-01
4.011169970035552979e-01
6.456304341554641724e-03
5.585981905460357666e-02
4.699660092592239380e-02
1.565777212381362915e-01
3.794003650546073914e-02
3.878984153270721436e-01
1.746174097061157227e-01
1.977718621492385864e-02
7.014874368906021118e-02
2.391428221017122269e-03
1.583540290594100952e-01
1.669831275939941406e-01
2.656711935997009277e-01
3.515385463833808899e-02
2.513891458511352539e-01
1.568503677845001221e-01
7.185801863670349121e-02
3.353712856769561768e-01
1.773783415555953979e-01
2.640049457550048828e-01
2.037982922047376633e-03
3.266357779502868652e-01
3.982020020484924316e-01
1.978444680571556091e-02
7.573832571506500244e-02
5.410140156745910645e-01
6.344043016433715820e-01
1.787251979112625122e-02
3.093230724334716797e-02
1.746066510677337646e-01
1.199261937290430069e-02
5.681226402521133423e-02
1.210605129599571228e-01
1.251676827669143677e-01
1.177630797028541565e-01
1.969964243471622467e-02
3.537820279598236084e-02
3.654943108558654785e-01
2.133352905511856079e-01
5.904530286788940430e-01
1.273639351129531860e-01
7.371248304843902588e-02
5.814714431762695312e-01
1.385671943426132202e-01
6.532099246978759766e-01
5.939290300011634827e-02
8.749540150165557861e-02
1.896115690469741821e-01
7.287564873695373535e-02
2.982830815017223358e-02
1.557052731513977051e-01
2.296409755945205688e-02
7.092317938804626465e-02
1.124110538512468338e-02
1.862655393779277802e-02
5.388841032981872559e-01
9.971828199923038483e-03
8.788306266069412231e-02
2.552616409957408905e-03
7.534857839345932007e-02
2.891967445611953735e-02
5.517470091581344604e-02
1.871828571893274784e-03
8.666648715734481812e-02
1.829157769680023193e-01
5.022703669965267181e-03
7.616353686898946762e-03
1.908980868756771088e-02
2.015763670206069946e-01
1.922994256019592285e-01
2.784407697618007660e-03
1.367505490779876709e-01
1.006476432085037231e-01
8.577686548233032227e-01
1.626662909984588623e-02
4.165666922926902771e-02
1.224981695413589478e-01
4.956099763512611389e-02
1.399707049131393433e-01
5.214243531227111816e-01
2.104353755712509155e-01
4.440784156322479248e-01
1.022547557950019836e-01
2.026391178369522095e-01
5.498236510902643204e-03
6.058833599090576172e-01
6.865787506103515625e-02
4.332514014095067978e-03
1.069492939859628677e-02
8.789505064487457275e-02
6.732431054115295410e-01
3.172901868820190430e-01
3.993609845638275146e-01
1.501894444227218628e-01
1.235939911566674709e-03
4.757892712950706482e-02
1.569532901048660278e-01
2.139740288257598877e-01
4.628052711486816406e-01
2.002146393060684204e-01
1.191217899322509766e-01
3.558208942413330078e-01
4.931628331542015076e-02
5.042809844017028809e-01
1.487530916929244995e-01
1.538981590420007706e-02
1.048426404595375061e-01
1.099939718842506409e-01
6.521426141262054443e-02
1.079214811325073242e-01
1.855576410889625549e-03
2.598804607987403870e-02
1.680999696254730225e-01
5.584792420268058777e-02
2.034780755639076233e-02
1.211648285388946533e-01
1.644736975431442261e-01
9.568469598889350891e-03
8.593634516000747681e-02
2.253224551677703857e-01
2.468149960041046143e-01
3.188289701938629150e-01
2.599452733993530273e-01
3.900688588619232178e-01
1.675958000123500824e-02
2.198628783226013184e-01
7.234488427639007568e-02
3.761498034000396729e-01
1.743364334106445312e-02
1.067109033465385437e-01
8.605615049600601196e-02
4.318937063217163086e-01
3.963512778282165527e-01
4.043304175138473511e-02
4.169525504112243652e-01
1.235319450497627258e-01
1.068380251526832581e-01
7.644512653350830078e-01
2.743668667972087860e-02
3.886161148548126221e-01
7.888671755790710449e-02
7.178519153967499733e-04
6.730957329273223877e-02
7.168036699295043945e-02
1.351588964462280273e-01
4.534696936607360840e-01
6.752500683069229126e-02
1.762152463197708130e-01
4.306189715862274170e-01
3.034148737788200378e-02
9.660952538251876831e-02
1.104094088077545166e-01
9.916624054312705994e-03
3.288482874631881714e-02
1.876592077314853668e-02
2.194871604442596436e-01
7.260305434465408325e-02
1.033113375306129456e-01
9.001441299915313721e-02
3.779133260250091553e-01
1.812123134732246399e-02
5.761948227882385254e-01
2.673272490501403809e-01
7.864083163440227509e-03
3.760588169097900391e-01
6.289822608232498169e-02
1.013118214905261993e-02
5.181093141436576843e-02
3.941385447978973389e-02
6.439518928527832031e-02
4.900052770972251892e-02
8.202749490737915039e-02
1.925310119986534119e-03
1.034797132015228271e-01
2.284563332796096802e-02
2.604916691780090332e-03
1.861757189035415649e-01
1.435088515281677246e-01
5.240345373749732971e-03
1.969822794198989868e-01
1.872167107649147511e-03
1.781619787216186523e-01
4.930702447891235352e-01
1.480107754468917847e-01
3.931845352053642273e-02
7.584320008754730225e-02
3.714228747412562370e-03
1.701722741127014160e-01
3.787320256233215332e-01
1.967007759958505630e-03
3.968932628631591797e-01
1.017027422785758972e-01
2.083805650472640991e-01
2.168734520673751831e-01
1.254419982433319092e-01
1.759719699621200562e-01
5.782591700553894043e-01
4.953954834491014481e-03
2.430255413055419922e-01
2.555717341601848602e-02
7.877934724092483521e-02
2.205219417810440063e-01
6.213768571615219116e-02
1.215197965502738953e-01
2.352366149425506592e-01
8.546414226293563843e-02
1.902508363127708435e-02
2.189134359359741211e-01
3.322098404169082642e-02
2.285490036010742188e-01
2.245533168315887451e-01
2.973349690437316895e-01
1.404382735490798950e-01
2.682497501373291016e-01
1.182946935296058655e-01
3.549451008439064026e-02
1.736731454730033875e-02
2.227285057306289673e-01
4.266293719410896301e-02
5.208233371376991272e-02
1.924534142017364502e-01
6.027962546795606613e-03
7.377599924802780151e-02
6.405068635940551758e-01
2.427076920866966248e-03
3.504210710525512695e-02
5.700817704200744629e-02
2.216806709766387939e-01
4.161595366895198822e-03
2.515634521842002869e-02
3.463482260704040527e-01
3.971169516444206238e-02
4.555339366197586060e-02
9.984392672777175903e-02
1.850860193371772766e-02
5.920422673225402832e-01
4.440010488033294678e-01
4.052138924598693848e-01
1.902855234220623970e-03
6.192446453496813774e-04
7.097544670104980469e-01
2.270856872200965881e-02
7.192968726158142090e-01
4.049367085099220276e-02
4.482890944927930832e-03
2.110220640897750854e-01
1.767438501119613647e-01
4.534347057342529297e-01
1.536742039024829865e-02
3.358964025974273682e-01
2.970205843448638916e-01
2.707404494285583496e-01
1.528204232454299927e-01
5.719806998968124390e-02
4.586860537528991699e-01
5.755998194217681885e-02
2.188520319759845734e-02
1.928079687058925629e-02
1.326079070568084717e-01
1.829092502593994141e-01
4.719859063625335693e-01
1.515418738126754761e-01
1.634649187326431274e-02
6.717297434806823730e-01
6.766839325428009033e-02
4.602381289005279541e-01
5.094653964042663574e-01
5.477133393287658691e-02
3.668908178806304932e-01
2.209122627973556519e-01
4.110500514507293701e-01
5.395299792289733887e-01
1.751762777566909790e-01
4.931128919124603271e-01
3.797062635421752930e-01
1.307320296764373779e-01
1.082892194390296936e-01
2.965047582983970642e-02
4.848465919494628906e-01
2.989810407161712646e-01
1.506788004189729691e-02
1.843760348856449127e-02
2.043950408697128296e-01
8.754578977823257446e-02
3.788381218910217285e-01
6.832523345947265625e-01
1.122150197625160217e-02
1.766370534896850586e-01
2.451885957270860672e-03
4.970362409949302673e-02
3.564679920673370361e-01
2.504666745662689209e-01
1.344966795295476913e-02
4.309778288006782532e-02
3.240888193249702454e-02
1.774831563234329224e-01
2.120005190372467041e-01
5.486198663711547852e-01
9.221326559782028198e-02
4.660041332244873047e-01
2.148835547268390656e-02
6.571023464202880859e-01
7.507894188165664673e-03
1.486560516059398651e-02
1.882473826408386230e-01
2.194199860095977783e-01
5.482414737343788147e-03
3.407504558563232422e-01
1.029158979654312134e-01
8.083755522966384888e-02
1.376641541719436646e-01
1.549658775329589844e-01
9.580631554126739502e-02
7.572231888771057129e-01
9.002348780632019043e-02
2.984398975968360901e-02
3.562490344047546387e-01
4.667973890900611877e-02
3.661637892946600914e-03
2.467571049928665161e-01
1.426298054866492748e-03
1.743187382817268372e-02
8.489817380905151367e-02
